0.000000000000000000e+00 0.000000000000000000e+00 0.000000000000000000e+00
-2.001953125000000000e-02 -6.982421875000000000e-02 1.004882812500000000e+00
-2.270507812500000000e-02 -4.199218750000000000e-02 1.016357421875000000e+00
-1.757812500000000000e-02 -6.225585937500000000e-02 1.000488281250000000e+00
-1.953125000000000000e-03 -4.565429687500000000e-02 1.011474609375000000e+00
-1.782226562500000000e-02 4.394531250000000000e-02 1.008789062500000000e+00
-1.757812500000000000e-02 -3.662109375000000000e-02 1.004882812500000000e+00
-2.075195312500000000e-02 -3.417968750000000000e-02 1.011230468750000000e+00
-1.708984375000000000e-02 8.740234375000000000e-02 1.004150390625000000e+00
-1.953125000000000000e-03 -6.591796875000000000e-03 1.009033203125000000e+00
-2.319335937500000000e-02 -1.110839843750000000e-01 1.002197265625000000e+00
-1.245117187500000000e-02 -5.834960937500000000e-02 1.015869140625000000e+00
-2.197265625000000000e-02 -4.589843750000000000e-02 1.022216796875000000e+00
-2.124023437500000000e-02 -6.127929687500000000e-02 1.011718750000000000e+00
-1.635742187500000000e-02 1.264648437500000000e-01 1.010742187500000000e+00
-1.660156250000000000e-02 4.248046875000000000e-02 1.015625000000000000e+00
-1.953125000000000000e-02 8.300781250000000000e-03 1.013671875000000000e+00
-2.465820312500000000e-02 -1.125488281250000000e-01 1.021728515625000000e+00
-2.563476562500000000e-02 -1.137695312500000000e-01 1.003173828125000000e+00
-2.783203125000000000e-02 -1.372070312500000000e-01 1.030761718750000000e+00
-1.196289062500000000e-02 2.145996093750000000e-01 1.014648437500000000e+00
-1.904296875000000000e-02 1.220703125000000000e-01 1.000488281250000000e+00
-2.099609375000000000e-02 -5.126953125000000000e-02 1.014892578125000000e+00
-2.050781250000000000e-02 -9.619140625000000000e-02 1.016113281250000000e+00
-2.612304687500000000e-02 -1.059570312500000000e-01 1.010986328125000000e+00
-2.368164062500000000e-02 -1.110839843750000000e-01 1.009521484375000000e+00
-1.440429687500000000e-02 1.323242187500000000e-01 1.014404296875000000e+00
-1.684570312500000000e-02 1.740722656250000000e-01 1.025878906250000000e+00
-2.368164062500000000e-02 9.350585937500000000e-02 1.000732421875000000e+00
-2.246093750000000000e-02 -6.787109375000000000e-02 1.018066406250000000e+00
-1.953125000000000000e-02 -4.882812500000000000e-03 1.020263671875000000e+00
-2.172851562500000000e-02 -2.075195312500000000e-02 9.936523437500000000e-01
-2.368164062500000000e-02 -6.909179687500000000e-02 1.000488281250000000e+00
-1.928710937500000000e-02 4.345703125000000000e-02 1.007568359375000000e+00
-2.001953125000000000e-02 -5.249023437500000000e-02 1.013427734375000000e+00
-1.806640625000000000e-02 -1.074218750000000000e-01 1.011230468750000000e+00
-2.172851562500000000e-02 -8.325195312500000000e-02 1.018066406250000000e+00
-1.953125000000000000e-02 2.099609375000000000e-02 1.001708984375000000e+00
-2.978515625000000000e-02 3.173828125000000000e-02 1.019531250000000000e+00
-2.539062500000000000e-02 1.269531250000000000e-02 1.007080078125000000e+00
-2.734375000000000000e-02 3.417968750000000000e-03 1.017333984375000000e+00
-1.782226562500000000e-02 1.977539062500000000e-02 1.018310546875000000e+00
-1.660156250000000000e-02 4.931640625000000000e-02 1.005615234375000000e+00
-1.586914062500000000e-02 6.323242187500000000e-02 1.009765625000000000e+00
-1.977539062500000000e-02 -3.710937500000000000e-02 1.010986328125000000e+00
-1.318359375000000000e-02 5.737304687500000000e-02 1.009033203125000000e+00
-2.124023437500000000e-02 -7.690429687500000000e-02 1.013427734375000000e+00
-3.051757812500000000e-02 -5.590820312500000000e-02 1.007568359375000000e+00
-2.636718750000000000e-02 -6.054687500000000000e-02 1.014404296875000000e+00
-2.270507812500000000e-02 -5.395507812500000000e-02 1.014648437500000000e+00
-1.562500000000000000e-02 3.051757812500000000e-02 1.012207031250000000e+00
-5.371093750000000000e-03 6.689453125000000000e-02 1.023193359375000000e+00
-1.196289062500000000e-02 1.708984375000000000e-03 1.018310546875000000e+00
-1.757812500000000000e-02 7.373046875000000000e-02 1.010986328125000000e+00
-1.098632812500000000e-02 4.125976562500000000e-02 1.029785156250000000e+00
-1.904296875000000000e-02 -1.049804687500000000e-02 1.018554687500000000e+00
-2.563476562500000000e-02 -6.494140625000000000e-02 1.013916015625000000e+00
-2.978515625000000000e-02 1.367187500000000000e-02 1.008789062500000000e+00
-1.831054687500000000e-02 -1.953125000000000000e-03 1.015380859375000000e+00
-2.050781250000000000e-02 -6.762695312500000000e-02 1.018066406250000000e+00
-2.246093750000000000e-02 -3.857421875000000000e-02 1.006347656250000000e+00
-9.033203125000000000e-03 4.638671875000000000e-03 1.003906250000000000e+00
-1.757812500000000000e-02 -3.417968750000000000e-02 1.027587890625000000e+00
-1.416015625000000000e-02 1.367187500000000000e-02 1.024658203125000000e+00
-1.416015625000000000e-02 8.300781250000000000e-03 1.013427734375000000e+00
-1.416015625000000000e-02 1.025390625000000000e-02 1.007324218750000000e+00
-1.977539062500000000e-02 1.562500000000000000e-02 1.008544921875000000e+00
-1.953125000000000000e-02 3.930664062500000000e-02 1.015136718750000000e+00
-2.441406250000000000e-03 2.709960937500000000e-02 1.020996093750000000e+00
-5.615234375000000000e-03 3.002929687500000000e-02 1.007812500000000000e+00
-2.807617187500000000e-02 -1.708984375000000000e-02 1.018066406250000000e+00
-1.806640625000000000e-02 -2.294921875000000000e-02 1.031005859375000000e+00
-2.270507812500000000e-02 -5.249023437500000000e-02 1.027099609375000000e+00
-2.050781250000000000e-02 -6.811523437500000000e-02 1.015869140625000000e+00
-2.246093750000000000e-02 -1.708984375000000000e-03 1.009521484375000000e+00
-2.441406250000000000e-02 6.103515625000000000e-03 1.023437500000000000e+00
-2.026367187500000000e-02 -1.098632812500000000e-02 1.018310546875000000e+00
-2.001953125000000000e-02 4.882812500000000000e-03 1.007568359375000000e+00
-2.929687500000000000e-02 2.441406250000000000e-04 1.030517578125000000e+00
-2.294921875000000000e-02 -2.465820312500000000e-02 1.027587890625000000e+00
-2.270507812500000000e-02 -1.782226562500000000e-02 1.009033203125000000e+00
-1.953125000000000000e-02 -2.685546875000000000e-03 1.015625000000000000e+00
-2.392578125000000000e-02 -4.882812500000000000e-03 1.020263671875000000e+00
-1.855468750000000000e-02 -4.150390625000000000e-03 1.010498046875000000e+00
-2.197265625000000000e-02 3.662109375000000000e-03 1.015869140625000000e+00
-1.489257812500000000e-02 -6.347656250000000000e-03 1.008300781250000000e+00
-1.904296875000000000e-02 -1.489257812500000000e-02 1.020507812500000000e+00
-1.879882812500000000e-02 -1.171875000000000000e-02 9.914550781250000000e-01
-1.733398437500000000e-02 1.416015625000000000e-02 1.009277343750000000e+00
-1.684570312500000000e-02 -1.342773437500000000e-02 1.024902343750000000e+00
-2.050781250000000000e-02 -1.416015625000000000e-02 1.010009765625000000e+00
-2.319335937500000000e-02 -3.173828125000000000e-03 1.006835937500000000e+00
-2.490234375000000000e-02 -3.662109375000000000e-03 1.010498046875000000e+00
-1.928710937500000000e-02 -1.074218750000000000e-02 1.029296875000000000e+00
-2.465820312500000000e-02 -1.245117187500000000e-02 1.011230468750000000e+00
-2.172851562500000000e-02 -1.245117187500000000e-02 1.010498046875000000e+00
-2.441406250000000000e-02 -1.269531250000000000e-02 1.024414062500000000e+00
-3.906250000000000000e-03 -1.220703125000000000e-02 1.019287109375000000e+00
-1.879882812500000000e-02 -2.807617187500000000e-02 1.004638671875000000e+00
-2.465820312500000000e-02 -8.056640625000000000e-03 1.011718750000000000e+00
-2.343750000000000000e-02 -1.196289062500000000e-02 1.023925781250000000e+00
-2.270507812500000000e-02 -1.196289062500000000e-02 1.010742187500000000e+00
-2.783203125000000000e-02 -1.879882812500000000e-02 1.010742187500000000e+00
-2.612304687500000000e-02 -1.855468750000000000e-02 1.004638671875000000e+00
-2.587890625000000000e-02 -1.367187500000000000e-02 1.000732421875000000e+00
-4.150390625000000000e-03 -1.464843750000000000e-03 1.014160156250000000e+00
-2.124023437500000000e-02 -2.905273437500000000e-02 1.008300781250000000e+00
-2.050781250000000000e-02 -1.367187500000000000e-02 1.019042968750000000e+00
-2.514648437500000000e-02 -1.733398437500000000e-02 1.012451171875000000e+00
-1.806640625000000000e-02 -2.197265625000000000e-03 1.027587890625000000e+00
-1.977539062500000000e-02 -8.300781250000000000e-03 1.009277343750000000e+00
-2.416992187500000000e-02 -4.882812500000000000e-04 1.016113281250000000e+00
-1.953125000000000000e-02 -9.521484375000000000e-03 1.011230468750000000e+00
-1.684570312500000000e-02 -1.611328125000000000e-02 1.005126953125000000e+00
-2.514648437500000000e-02 -5.371093750000000000e-03 1.011962890625000000e+00
-2.343750000000000000e-02 -1.025390625000000000e-02 1.002441406250000000e+00
-1.782226562500000000e-02 -8.789062500000000000e-03 1.020996093750000000e+00
-1.635742187500000000e-02 -1.123046875000000000e-02 1.028564453125000000e+00
-1.318359375000000000e-02 -8.544921875000000000e-03 1.001464843750000000e+00
-2.294921875000000000e-02 -1.245117187500000000e-02 1.030029296875000000e+00
-2.221679687500000000e-02 -7.324218750000000000e-04 1.000976562500000000e+00
-2.075195312500000000e-02 -1.098632812500000000e-02 1.015625000000000000e+00
-2.880859375000000000e-02 -9.521484375000000000e-03 1.013671875000000000e+00
-1.977539062500000000e-02 -6.103515625000000000e-03 1.011718750000000000e+00
-1.831054687500000000e-02 -1.318359375000000000e-02 1.020507812500000000e+00
-2.270507812500000000e-02 -1.196289062500000000e-02 1.010009765625000000e+00
-2.197265625000000000e-02 -2.685546875000000000e-03 1.007080078125000000e+00
-1.757812500000000000e-02 -1.879882812500000000e-02 1.021240234375000000e+00
-1.708984375000000000e-02 -1.684570312500000000e-02 1.024658203125000000e+00
-2.172851562500000000e-02 -2.075195312500000000e-02 1.010253906250000000e+00
-6.347656250000000000e-03 -3.076171875000000000e-02 1.008789062500000000e+00
-2.026367187500000000e-02 -6.591796875000000000e-03 1.029296875000000000e+00
-2.661132812500000000e-02 -1.147460937500000000e-02 1.010253906250000000e+00
-1.977539062500000000e-02 -7.568359375000000000e-03 1.014648437500000000e+00
-2.246093750000000000e-02 -9.765625000000000000e-04 1.022216796875000000e+00
-2.050781250000000000e-02 -6.591796875000000000e-03 1.012207031250000000e+00
-1.538085937500000000e-02 -2.441406250000000000e-03 1.018310546875000000e+00
-2.124023437500000000e-02 -1.123046875000000000e-02 1.010009765625000000e+00
-1.879882812500000000e-02 -8.544921875000000000e-03 1.022460937500000000e+00
-1.855468750000000000e-02 -1.269531250000000000e-02 1.007812500000000000e+00
-1.147460937500000000e-02 -1.318359375000000000e-02 1.012695312500000000e+00
-2.246093750000000000e-02 -1.464843750000000000e-02 1.006347656250000000e+00
-1.928710937500000000e-02 -7.324218750000000000e-04 1.010253906250000000e+00
-1.928710937500000000e-02 -2.954101562500000000e-02 1.004882812500000000e+00
-2.148437500000000000e-02 -1.123046875000000000e-02 1.006835937500000000e+00
-1.977539062500000000e-02 -5.615234375000000000e-03 1.018554687500000000e+00
-1.708984375000000000e-02 -8.544921875000000000e-03 1.000732421875000000e+00
-1.977539062500000000e-02 -8.300781250000000000e-03 1.000488281250000000e+00
-1.782226562500000000e-02 -1.000976562500000000e-02 1.022705078125000000e+00
-1.806640625000000000e-02 -3.417968750000000000e-03 1.025634765625000000e+00
-1.977539062500000000e-02 -2.880859375000000000e-02 1.017089843750000000e+00
-1.757812500000000000e-02 -2.929687500000000000e-03 1.015869140625000000e+00
-1.953125000000000000e-02 -2.612304687500000000e-02 1.009765625000000000e+00
-2.124023437500000000e-02 -1.147460937500000000e-02 1.021972656250000000e+00
-2.001953125000000000e-02 -7.812500000000000000e-03 1.011230468750000000e+00
-2.954101562500000000e-02 -6.103515625000000000e-03 1.018554687500000000e+00
-1.953125000000000000e-02 -2.929687500000000000e-03 1.014892578125000000e+00
-2.099609375000000000e-02 -1.123046875000000000e-02 1.009521484375000000e+00
-2.368164062500000000e-02 -1.733398437500000000e-02 1.017333984375000000e+00
-1.904296875000000000e-02 -8.544921875000000000e-03 1.011474609375000000e+00
-1.708984375000000000e-02 -1.513671875000000000e-02 1.015625000000000000e+00
-1.489257812500000000e-02 -4.882812500000000000e-03 1.010253906250000000e+00
-2.246093750000000000e-02 -4.638671875000000000e-03 1.014160156250000000e+00
-1.855468750000000000e-02 -3.662109375000000000e-03 1.003662109375000000e+00
-2.001953125000000000e-02 -2.050781250000000000e-02 1.012207031250000000e+00
-2.075195312500000000e-02 -1.391601562500000000e-02 1.026611328125000000e+00
-2.465820312500000000e-02 1.269531250000000000e-02 1.003906250000000000e+00
-2.368164062500000000e-02 -2.197265625000000000e-03 1.021728515625000000e+00
-1.782226562500000000e-02 -4.882812500000000000e-04 9.975585937500000000e-01
-1.416015625000000000e-02 -2.050781250000000000e-02 1.007568359375000000e+00
-2.148437500000000000e-02 8.056640625000000000e-03 1.004882812500000000e+00
-1.806640625000000000e-02 -1.733398437500000000e-02 1.012695312500000000e+00
-1.196289062500000000e-02 4.150390625000000000e-03 1.018066406250000000e+00
-1.684570312500000000e-02 -2.441406250000000000e-04 1.001708984375000000e+00
-1.904296875000000000e-02 2.416992187500000000e-02 1.007812500000000000e+00
-1.464843750000000000e-02 -1.538085937500000000e-02 1.010742187500000000e+00
-1.440429687500000000e-02 -7.568359375000000000e-03 1.021484375000000000e+00
-3.125000000000000000e-02 -2.197265625000000000e-03 1.012207031250000000e+00
-2.172851562500000000e-02 1.196289062500000000e-02 1.021972656250000000e+00
-2.465820312500000000e-02 2.441406250000000000e-04 1.011962890625000000e+00
-1.855468750000000000e-02 4.882812500000000000e-04 1.013427734375000000e+00
-1.977539062500000000e-02 3.735351562500000000e-02 1.019531250000000000e+00
-2.416992187500000000e-02 -3.417968750000000000e-02 1.006591796875000000e+00
-1.928710937500000000e-02 -2.197265625000000000e-02 1.007324218750000000e+00
-2.880859375000000000e-02 -1.635742187500000000e-02 1.013916015625000000e+00
-1.953125000000000000e-02 -9.277343750000000000e-03 1.001220703125000000e+00
-1.806640625000000000e-02 1.269531250000000000e-02 1.013183593750000000e+00
-1.928710937500000000e-02 7.324218750000000000e-04 1.016357421875000000e+00
-1.879882812500000000e-02 2.978515625000000000e-02 1.007812500000000000e+00
-2.172851562500000000e-02 -2.441406250000000000e-04 9.978027343750000000e-01
-2.221679687500000000e-02 1.538085937500000000e-02 1.015136718750000000e+00
-1.513671875000000000e-02 -1.708984375000000000e-02 1.015625000000000000e+00
-2.026367187500000000e-02 2.563476562500000000e-02 1.020751953125000000e+00
-1.708984375000000000e-02 4.614257812500000000e-02 1.014892578125000000e+00
-1.489257812500000000e-02 -1.904296875000000000e-02 1.012451171875000000e+00
-2.246093750000000000e-02 5.859375000000000000e-03 1.017578125000000000e+00
-3.027343750000000000e-02 -6.591796875000000000e-03 1.017333984375000000e+00
-2.026367187500000000e-02 3.833007812500000000e-02 1.003173828125000000e+00
-3.125000000000000000e-02 2.075195312500000000e-02 1.012207031250000000e+00
-2.221679687500000000e-02 4.492187500000000000e-02 1.031005859375000000e+00
-1.904296875000000000e-02 -9.277343750000000000e-03 1.027832031250000000e+00
-1.953125000000000000e-02 9.521484375000000000e-03 1.027587890625000000e+00
-2.026367187500000000e-02 2.270507812500000000e-02 1.013427734375000000e+00
-1.660156250000000000e-02 4.028320312500000000e-02 1.030517578125000000e+00
-1.977539062500000000e-02 4.589843750000000000e-02 1.020263671875000000e+00
-3.027343750000000000e-02 -7.519531250000000000e-02 1.015136718750000000e+00
-4.296875000000000000e-02 -2.587890625000000000e-02 1.009765625000000000e+00
-2.612304687500000000e-02 -5.517578125000000000e-02 1.016357421875000000e+00
-2.832031250000000000e-02 3.491210937500000000e-02 1.010742187500000000e+00
-2.563476562500000000e-02 3.662109375000000000e-03 1.012695312500000000e+00
-2.734375000000000000e-02 4.443359375000000000e-02 1.015625000000000000e+00
-2.490234375000000000e-02 -5.371093750000000000e-02 1.019287109375000000e+00
-2.709960937500000000e-02 4.077148437500000000e-02 1.019042968750000000e+00
-2.612304687500000000e-02 -8.593750000000000000e-02 1.008789062500000000e+00
-3.027343750000000000e-02 -8.056640625000000000e-03 1.011230468750000000e+00
-2.490234375000000000e-02 3.906250000000000000e-02 1.007324218750000000e+00
-2.807617187500000000e-02 -4.589843750000000000e-02 1.015625000000000000e+00
-2.563476562500000000e-02 7.153320312500000000e-02 1.009765625000000000e+00
-3.466796875000000000e-02 -3.881835937500000000e-02 1.015869140625000000e+00
-1.586914062500000000e-02 6.054687500000000000e-02 1.004638671875000000e+00
-3.491210937500000000e-02 -6.909179687500000000e-02 1.012695312500000000e+00
-2.465820312500000000e-02 1.318359375000000000e-02 1.005859375000000000e+00
-3.540039062500000000e-02 -5.810546875000000000e-02 1.007568359375000000e+00
-4.028320312500000000e-02 -3.051757812500000000e-02 1.007568359375000000e+00
-4.125976562500000000e-02 -6.274414062500000000e-02 1.006347656250000000e+00
-3.881835937500000000e-02 -2.978515625000000000e-02 1.031738281250000000e+00
-5.053710937500000000e-02 -2.392578125000000000e-02 1.009765625000000000e+00
-5.395507812500000000e-02 -1.149902343750000000e-01 1.007568359375000000e+00
-4.272460937500000000e-02 -1.372070312500000000e-01 1.008789062500000000e+00
-5.468750000000000000e-02 -6.933593750000000000e-02 1.022216796875000000e+00
-1.684570312500000000e-02 9.301757812500000000e-02 1.030029296875000000e+00
-4.516601562500000000e-02 -9.863281250000000000e-02 1.010253906250000000e+00
-1.806640625000000000e-02 -1.191406250000000000e-01 9.899902343750000000e-01
-4.980468750000000000e-02 -1.677246093750000000e-01 1.039306640625000000e+00
-2.392578125000000000e-02 -1.975097656250000000e-01 1.032226562500000000e+00
-4.394531250000000000e-02 -1.428222656250000000e-01 1.045410156250000000e+00
-1.611328125000000000e-02 -5.761718750000000000e-02 1.002929687500000000e+00
-6.030273437500000000e-02 -8.740234375000000000e-02 1.017089843750000000e+00
2.636718750000000000e-02 -4.956054687500000000e-02 1.045898437500000000e+00
-7.543945312500000000e-02 2.070312500000000000e-01 9.899902343750000000e-01
-8.325195312500000000e-02 -9.985351562500000000e-02 9.821777343750000000e-01
-1.245117187500000000e-02 -1.340332031250000000e-01 1.066894531250000000e+00
-2.783203125000000000e-02 1.083984375000000000e-01 1.000732421875000000e+00
3.198242187500000000e-02 1.071777343750000000e-01 1.042480468750000000e+00
-1.928710937500000000e-02 -9.741210937500000000e-02 1.075683593750000000e+00
-1.928710937500000000e-02 -1.018066406250000000e-01 1.004638671875000000e+00
-1.257324218750000000e-01 -7.373046875000000000e-02 1.037109375000000000e+00
-5.224609375000000000e-02 -1.105957031250000000e-01 9.875488281250000000e-01
1.293945312500000000e-02 -3.149414062500000000e-02 1.008789062500000000e+00
-7.739257812500000000e-02 9.008789062500000000e-02 1.017333984375000000e+00
1.489257812500000000e-02 -1.367187500000000000e-02 9.790039062500000000e-01
-1.218261718750000000e-01 -1.516113281250000000e-01 1.002929687500000000e+00
1.635742187500000000e-02 -1.418457031250000000e-01 9.621582031250000000e-01
-7.714843750000000000e-02 1.220703125000000000e-02 1.024658203125000000e+00
-1.855468750000000000e-02 -1.520996093750000000e-01 1.074951171875000000e+00
-1.391601562500000000e-02 9.521484375000000000e-02 1.043457031250000000e+00
8.056640625000000000e-03 -2.048339843750000000e-01 1.037109375000000000e+00
-7.861328125000000000e-02 -8.325195312500000000e-02 9.890136718750000000e-01
7.177734375000000000e-02 4.321289062500000000e-02 1.088134765625000000e+00
-2.783203125000000000e-02 -5.615234375000000000e-03 9.726562500000000000e-01
3.955078125000000000e-02 -1.320800781250000000e-01 1.004394531250000000e+00
-8.178710937500000000e-02 5.200195312500000000e-02 9.526367187500000000e-01
-2.441406250000000000e-04 -1.201171875000000000e-01 9.692382812500000000e-01
7.812500000000000000e-03 -7.714843750000000000e-02 9.692382812500000000e-01
2.758789062500000000e-02 -1.416015625000000000e-02 1.024169921875000000e+00
6.225585937500000000e-02 1.625976562500000000e-01 1.003173828125000000e+00
-2.783203125000000000e-02 -1.230468750000000000e-01 1.038330078125000000e+00
-2.661132812500000000e-02 -1.142578125000000000e-01 1.007080078125000000e+00
-1.586914062500000000e-02 -1.604003906250000000e-01 1.018310546875000000e+00
2.343750000000000000e-02 4.882812500000000000e-03 1.014160156250000000e+00
2.490234375000000000e-02 2.929687500000000000e-03 1.047363281250000000e+00
-3.808593750000000000e-02 -1.882324218750000000e-01 1.025878906250000000e+00
1.220703125000000000e-02 -3.417968750000000000e-02 9.982910156250000000e-01
-3.735351562500000000e-02 -3.613281250000000000e-02 1.033691406250000000e+00
-1.196289062500000000e-02 -1.022949218750000000e-01 1.072021484375000000e+00
2.319335937500000000e-02 2.124023437500000000e-02 1.012451171875000000e+00
4.150390625000000000e-02 1.015625000000000000e-01 1.008056640625000000e+00
1.708984375000000000e-03 8.129882812500000000e-02 1.029296875000000000e+00
1.318359375000000000e-02 1.208496093750000000e-01 1.021240234375000000e+00
1.147460937500000000e-02 1.032714843750000000e-01 1.038330078125000000e+00
4.150390625000000000e-02 9.106445312500000000e-02 1.027587890625000000e+00
2.661132812500000000e-02 -2.248535156250000000e-01 1.037353515625000000e+00
-9.521484375000000000e-03 1.147460937500000000e-02 1.050292968750000000e+00
-6.762695312500000000e-02 2.368164062500000000e-02 1.018310546875000000e+00
1.806640625000000000e-02 -1.240234375000000000e-01 1.058349609375000000e+00
4.052734375000000000e-02 4.565429687500000000e-02 1.022949218750000000e+00
-1.489257812500000000e-02 1.262207031250000000e-01 9.738769531250000000e-01
-9.033203125000000000e-03 1.020507812500000000e-01 9.916992187500000000e-01
-4.101562500000000000e-02 8.422851562500000000e-02 9.353027343750000000e-01
-2.294921875000000000e-02 -4.816894531250000000e-01 9.929199218750000000e-01
4.614257812500000000e-02 1.347656250000000000e-01 1.019042968750000000e+00
-4.077148437500000000e-02 1.103515625000000000e-01 1.110351562500000000e+00
-3.588867187500000000e-02 9.082031250000000000e-02 9.077148437500000000e-01
4.931640625000000000e-02 -4.877929687500000000e-01 1.055664062500000000e+00
-8.178710937500000000e-02 1.308593750000000000e-01 1.277832031250000000e+00
-4.980468750000000000e-02 1.555175781250000000e-01 8.605957031250000000e-01
-6.835937500000000000e-03 2.758789062500000000e-02 1.096435546875000000e+00
-7.055664062500000000e-02 -4.150390625000000000e-02 8.449707031250000000e-01
-1.635742187500000000e-02 -2.568359375000000000e-01 1.041748046875000000e+00
-5.151367187500000000e-02 1.354980468750000000e-01 1.024902343750000000e+00
-3.710937500000000000e-02 2.753906250000000000e-01 9.814453125000000000e-01
-4.003906250000000000e-02 7.641601562500000000e-02 1.053710937500000000e+00
-1.049804687500000000e-02 -2.255859375000000000e-01 1.175781250000000000e+00
-8.007812500000000000e-02 -5.957031250000000000e-02 1.047607421875000000e+00
-7.080078125000000000e-02 1.557617187500000000e-01 1.016845703125000000e+00
-7.568359375000000000e-02 7.641601562500000000e-02 1.114746093750000000e+00
-4.394531250000000000e-02 9.838867187500000000e-02 1.104492187500000000e+00
-1.066894531250000000e-01 7.226562500000000000e-02 1.197753906250000000e+00
-1.030273437500000000e-01 -1.660156250000000000e-02 9.489746093750000000e-01
-8.154296875000000000e-02 -2.902832031250000000e-01 1.094970703125000000e+00
-8.007812500000000000e-02 1.398925781250000000e-01 1.035644531250000000e+00
-8.959960937500000000e-02 7.690429687500000000e-02 1.140380859375000000e+00
-8.325195312500000000e-02 1.293945312500000000e-01 1.054199218750000000e+00
-8.740234375000000000e-02 1.416015625000000000e-01 8.710937500000000000e-01
-1.179199218750000000e-01 9.960937500000000000e-02 1.061523437500000000e+00
-1.213378906250000000e-01 9.545898437500000000e-02 8.886718750000000000e-01
-9.814453125000000000e-02 -1.738281250000000000e-01 1.036376953125000000e+00
-1.562500000000000000e-01 2.578125000000000000e-01 9.855957031250000000e-01
-1.269531250000000000e-01 -2.460937500000000000e-01 9.040527343750000000e-01
-7.250976562500000000e-02 -1.928710937500000000e-01 9.389648437500000000e-01
-4.077148437500000000e-02 -5.502929687500000000e-01 1.031250000000000000e+00
-3.515625000000000000e-02 5.668945312500000000e-01 1.199951171875000000e+00
-1.826171875000000000e-01 4.956054687500000000e-02 8.574218750000000000e-01
-6.494140625000000000e-02 -1.389160156250000000e-01 1.084716796875000000e+00
5.126953125000000000e-02 2.456054687500000000e-01 1.240478515625000000e+00
-1.198730468750000000e-01 -1.342773437500000000e-01 9.907226562500000000e-01
-1.318359375000000000e-01 -1.508789062500000000e-01 9.436035156250000000e-01
-1.003417968750000000e-01 -1.940917968750000000e-01 9.338378906250000000e-01
-7.006835937500000000e-02 1.508789062500000000e-01 9.895019531250000000e-01
-7.324218750000000000e-03 -5.200195312500000000e-01 1.197021484375000000e+00
-8.935546875000000000e-02 9.887695312500000000e-02 9.838867187500000000e-01
-1.250000000000000000e-01 -3.830566406250000000e-01 8.239746093750000000e-01
7.812500000000000000e-02 1.403808593750000000e-01 1.030761718750000000e+00
3.442382812500000000e-02 -2.624511718750000000e-01 1.249023437500000000e+00
-3.173828125000000000e-03 6.909179687500000000e-02 8.737792968750000000e-01
-8.471679687500000000e-02 7.421875000000000000e-02 7.924804687500000000e-01
6.884765625000000000e-02 -1.257324218750000000e-01 8.959960937500000000e-01
6.787109375000000000e-02 6.762695312500000000e-02 1.231689453125000000e+00
5.371093750000000000e-02 7.080078125000000000e-03 1.261230468750000000e+00
-2.880859375000000000e-02 -2.109375000000000000e-01 8.942871093750000000e-01
1.127929687500000000e-01 2.866210937500000000e-01 6.738281250000000000e-01
9.765625000000000000e-04 -2.077636718750000000e-01 9.143066406250000000e-01
-6.713867187500000000e-02 -3.955078125000000000e-02 9.406738281250000000e-01
-7.324218750000000000e-04 8.300781250000000000e-03 1.040527343750000000e+00
3.906250000000000000e-02 -3.735351562500000000e-02 9.963378906250000000e-01
1.381835937500000000e-01 4.223632812500000000e-02 9.072265625000000000e-01
7.495117187500000000e-02 -1.367187500000000000e-02 1.118408203125000000e+00
8.398437500000000000e-02 1.782226562500000000e-02 1.181152343750000000e+00
9.765625000000000000e-04 9.570312500000000000e-02 1.064208984375000000e+00
2.880859375000000000e-02 -7.324218750000000000e-03 1.110107421875000000e+00
7.519531250000000000e-02 1.057128906250000000e-01 9.887695312500000000e-01
1.296386718750000000e-01 -7.812500000000000000e-02 8.676757812500000000e-01
-9.521484375000000000e-03 -4.882812500000000000e-02 1.000732421875000000e+00
9.667968750000000000e-02 6.469726562500000000e-02 1.001464843750000000e+00
7.055664062500000000e-02 -1.281738281250000000e-01 1.053955078125000000e+00
4.956054687500000000e-02 -3.881835937500000000e-02 1.053955078125000000e+00
1.293945312500000000e-02 1.076660156250000000e-01 9.794921875000000000e-01
9.790039062500000000e-02 -1.569824218750000000e-01 1.004882812500000000e+00
1.025390625000000000e-01 -1.662597656250000000e-01 1.037597656250000000e+00
9.326171875000000000e-02 -1.291503906250000000e-01 1.000000000000000000e+00
1.191406250000000000e-01 6.762695312500000000e-02 9.252929687500000000e-01
-1.416015625000000000e-02 1.923828125000000000e-01 1.057617187500000000e+00
5.175781250000000000e-02 1.118164062500000000e-01 1.067138671875000000e+00
-2.734375000000000000e-02 -1.591796875000000000e-01 1.030517578125000000e+00
1.701660156250000000e-01 4.882812500000000000e-04 9.589843750000000000e-01
1.318359375000000000e-02 -1.091308593750000000e-01 8.781738281250000000e-01
-6.250000000000000000e-02 -1.621093750000000000e-01 1.034423828125000000e+00
-2.978515625000000000e-02 -1.423339843750000000e-01 1.035888671875000000e+00
7.861328125000000000e-02 -9.082031250000000000e-02 9.340820312500000000e-01
4.272460937500000000e-02 -4.199218750000000000e-02 1.217529296875000000e+00
-9.521484375000000000e-02 -3.420410156250000000e-01 1.033935546875000000e+00
-1.953125000000000000e-03 -6.909179687500000000e-02 1.287841796875000000e+00
-1.066894531250000000e-01 1.513671875000000000e-02 5.974121093750000000e-01
-2.416992187500000000e-02 -5.678710937500000000e-01 7.209472656250000000e-01
2.880859375000000000e-02 3.618164062500000000e-01 1.162841796875000000e+00
-3.759765625000000000e-02 9.033203125000000000e-02 1.382568359375000000e+00
-3.417968750000000000e-02 -2.873535156250000000e-01 9.785156250000000000e-01
-7.812500000000000000e-02 3.852539062500000000e-01 9.282226562500000000e-01
-7.080078125000000000e-02 -1.916503906250000000e-01 1.092529296875000000e+00
-1.169433593750000000e-01 -1.633300781250000000e-01 1.000244140625000000e+00
-3.637695312500000000e-02 1.794433593750000000e-01 1.365722656250000000e+00
-5.615234375000000000e-03 -1.818847656250000000e-01 1.173095703125000000e+00
-9.692382812500000000e-02 -6.884765625000000000e-02 1.546630859375000000e+00
-1.372070312500000000e-01 -2.153320312500000000e-01 1.287841796875000000e+00
-9.497070312500000000e-02 -1.457519531250000000e-01 1.372314453125000000e+00
-1.525878906250000000e-01 -2.531738281250000000e-01 1.129394531250000000e+00
-3.955078125000000000e-02 -2.075195312500000000e-01 1.015380859375000000e+00
-1.472167968750000000e-01 -2.145996093750000000e-01 8.295898437500000000e-01
-1.835937500000000000e-01 -4.125976562500000000e-02 6.689453125000000000e-01
-1.870117187500000000e-01 3.107910156250000000e-01 9.062500000000000000e-01
-1.054687500000000000e-01 -3.234863281250000000e-01 8.466796875000000000e-01
-1.223144531250000000e-01 1.230468750000000000e-01 9.367675781250000000e-01
-1.875000000000000000e-01 3.662109375000000000e-03 1.023681640625000000e+00
-1.577148437500000000e-01 -3.393554687500000000e-02 9.836425781250000000e-01
-6.713867187500000000e-02 5.175781250000000000e-02 9.504394531250000000e-01
-1.372070312500000000e-01 -1.437988281250000000e-01 9.074707031250000000e-01
-1.833496093750000000e-01 4.499511718750000000e-01 9.055175781250000000e-01
-1.088867187500000000e-01 -5.249023437500000000e-02 9.611816406250000000e-01
-1.528320312500000000e-01 -2.241210937500000000e-01 9.621582031250000000e-01
-9.326171875000000000e-02 -7.666015625000000000e-02 1.033447265625000000e+00
-8.520507812500000000e-02 4.614257812500000000e-02 1.148437500000000000e+00
-1.833496093750000000e-01 1.296386718750000000e-01 9.025878906250000000e-01
-9.033203125000000000e-03 2.941894531250000000e-01 1.096191406250000000e+00
-1.970214843750000000e-01 2.514648437500000000e-02 9.465332031250000000e-01
-4.541015625000000000e-02 -1.044921875000000000e-01 1.086181640625000000e+00
-3.198242187500000000e-02 4.516601562500000000e-02 8.259277343750000000e-01
-8.520507812500000000e-02 -2.297363281250000000e-01 8.984375000000000000e-01
-4.125976562500000000e-02 7.216796875000000000e-01 1.274902343750000000e+00
2.661132812500000000e-02 -1.738281250000000000e-01 1.222900390625000000e+00
-4.589843750000000000e-02 5.195312500000000000e-01 9.277343750000000000e-01
-1.208496093750000000e-01 1.706542968750000000e-01 6.621093750000000000e-01
-1.416015625000000000e-02 -5.102539062500000000e-02 9.028320312500000000e-01
-2.197265625000000000e-02 6.616210937500000000e-02 7.165527343750000000e-01
2.612304687500000000e-02 9.228515625000000000e-02 7.509765625000000000e-01
1.081542968750000000e-01 -7.080078125000000000e-03 1.046386718750000000e+00
2.221679687500000000e-02 1.831054687500000000e-01 7.561035156250000000e-01
6.884765625000000000e-02 -1.782226562500000000e-01 8.776855468750000000e-01
1.157226562500000000e-01 3.234863281250000000e-01 1.051757812500000000e+00
1.152343750000000000e-01 -1.730957031250000000e-01 1.241455078125000000e+00
1.423339843750000000e-01 1.298828125000000000e-01 1.308349609375000000e+00
-2.636718750000000000e-02 -8.227539062500000000e-02 1.134033203125000000e+00
2.734375000000000000e-02 -3.051757812500000000e-02 9.201660156250000000e-01
1.430664062500000000e-01 6.274414062500000000e-02 7.678222656250000000e-01
1.977539062500000000e-02 -1.437988281250000000e-01 7.734375000000000000e-01
-7.250976562500000000e-02 8.935546875000000000e-02 9.267578125000000000e-01
6.958007812500000000e-02 2.929687500000000000e-02 8.835449218750000000e-01
1.137695312500000000e-01 1.113281250000000000e-01 1.165771484375000000e+00
7.104492187500000000e-02 -8.056640625000000000e-03 1.364013671875000000e+00
7.568359375000000000e-02 6.225585937500000000e-02 1.050048828125000000e+00
-3.344726562500000000e-02 -3.662109375000000000e-03 1.161376953125000000e+00
6.591796875000000000e-03 -7.470703125000000000e-02 1.247558593750000000e+00
5.712890625000000000e-02 5.590820312500000000e-02 1.019531250000000000e+00
9.277343750000000000e-02 9.008789062500000000e-02 1.054931640625000000e+00
1.140136718750000000e-01 -7.812500000000000000e-02 1.098144531250000000e+00
7.080078125000000000e-02 1.577148437500000000e-01 1.098632812500000000e+00
5.126953125000000000e-02 3.222656250000000000e-02 1.092041015625000000e+00
-2.441406250000000000e-03 4.052734375000000000e-02 1.051269531250000000e+00
4.467773437500000000e-02 -3.955078125000000000e-02 1.004882812500000000e+00
9.008789062500000000e-02 1.308593750000000000e-01 9.509277343750000000e-01
1.210937500000000000e-01 1.174316406250000000e-01 1.028564453125000000e+00
4.565429687500000000e-02 1.052246093750000000e-01 1.088867187500000000e+00
1.108398437500000000e-01 -1.242675781250000000e-01 1.066406250000000000e+00
9.008789062500000000e-02 5.273437500000000000e-02 1.099365234375000000e+00
7.348632812500000000e-02 1.247558593750000000e-01 1.083740234375000000e+00
-1.074218750000000000e-02 2.490234375000000000e-02 9.716796875000000000e-01
9.619140625000000000e-02 2.587890625000000000e-02 9.077148437500000000e-01
6.298828125000000000e-02 -1.103515625000000000e-01 1.046386718750000000e+00
2.636718750000000000e-02 7.275390625000000000e-02 1.206787109375000000e+00
9.057617187500000000e-02 1.242675781250000000e-01 1.160156250000000000e+00
9.667968750000000000e-02 1.018066406250000000e-01 1.209960937500000000e+00
2.221679687500000000e-02 1.601562500000000000e-01 1.214355468750000000e+00
5.371093750000000000e-03 1.057128906250000000e-01 9.392089843750000000e-01
1.208496093750000000e-01 -6.811523437500000000e-02 9.931640625000000000e-01
-3.808593750000000000e-02 3.051757812500000000e-02 1.175537109375000000e+00
-3.686523437500000000e-02 1.154785156250000000e-01 1.311767578125000000e+00
7.910156250000000000e-02 8.056640625000000000e-02 1.265625000000000000e+00
4.394531250000000000e-02 -5.224609375000000000e-02 1.185058593750000000e+00
-4.248046875000000000e-02 1.076660156250000000e-01 1.171386718750000000e+00
8.203125000000000000e-02 1.467285156250000000e-01 9.492187500000000000e-01
4.711914062500000000e-02 1.931152343750000000e-01 1.008789062500000000e+00
-5.712890625000000000e-02 6.884765625000000000e-02 1.105712890625000000e+00
-1.025390625000000000e-01 7.080078125000000000e-02 9.665527343750000000e-01
-8.422851562500000000e-02 -1.782226562500000000e-02 5.761718750000000000e-01
4.638671875000000000e-03 1.042480468750000000e-01 7.104492187500000000e-01
-8.300781250000000000e-03 2.604980468750000000e-01 1.227294921875000000e+00
7.861328125000000000e-02 4.418945312500000000e-02 1.423339843750000000e+00
1.782226562500000000e-02 5.517578125000000000e-02 1.385253906250000000e+00
-1.064453125000000000e-01 1.147460937500000000e-01 1.073974609375000000e+00
-4.736328125000000000e-02 1.574707031250000000e-01 9.240722656250000000e-01
-1.623535156250000000e-01 3.027343750000000000e-02 8.251953125000000000e-01
-1.237792968750000000e-01 5.664062500000000000e-02 7.707519531250000000e-01
-1.791992187500000000e-01 4.345703125000000000e-02 7.019042968750000000e-01
-1.657714843750000000e-01 6.103515625000000000e-02 1.053466796875000000e+00
-4.809570312500000000e-02 1.579589843750000000e-01 8.793945312500000000e-01
-1.218261718750000000e-01 -1.440429687500000000e-02 1.125244140625000000e+00
-1.445312500000000000e-01 4.370117187500000000e-02 1.201171875000000000e+00
-1.066894531250000000e-01 -6.762695312500000000e-02 1.290771484375000000e+00
-5.468750000000000000e-02 2.165527343750000000e-01 1.106201171875000000e+00
-9.741210937500000000e-02 6.201171875000000000e-02 1.157958984375000000e+00
-9.716796875000000000e-02 -3.527832031250000000e-01 1.088867187500000000e+00
-8.740234375000000000e-02 2.126464843750000000e-01 1.048095703125000000e+00
-7.934570312500000000e-02 -3.652343750000000000e-01 7.744140625000000000e-01
-1.069335937500000000e-01 1.369628906250000000e-01 9.089355468750000000e-01
-8.740234375000000000e-02 9.594726562500000000e-02 1.009521484375000000e+00
-1.567382812500000000e-01 -5.483398437500000000e-01 9.685058593750000000e-01
-1.293945312500000000e-01 -8.520507812500000000e-02 1.088134765625000000e+00
-9.716796875000000000e-02 -9.545898437500000000e-02 1.021484375000000000e+00
-9.228515625000000000e-02 1.325683593750000000e-01 9.118652343750000000e-01
-9.985351562500000000e-02 -1.755371093750000000e-01 9.306640625000000000e-01
-1.174316406250000000e-01 9.033203125000000000e-03 1.013427734375000000e+00
-9.326171875000000000e-02 3.149414062500000000e-02 9.675292968750000000e-01
-1.008300781250000000e-01 2.534179687500000000e-01 1.048095703125000000e+00
-7.519531250000000000e-02 1.528320312500000000e-01 1.039550781250000000e+00
-1.660156250000000000e-02 2.209472656250000000e-01 1.117187500000000000e+00
-5.175781250000000000e-02 -7.250976562500000000e-02 9.987792968750000000e-01
-6.591796875000000000e-03 1.621093750000000000e-01 1.056640625000000000e+00
6.835937500000000000e-03 1.921386718750000000e-01 1.123046875000000000e+00
2.612304687500000000e-02 2.343750000000000000e-01 1.205810546875000000e+00
1.928710937500000000e-02 9.521484375000000000e-02 1.120605468750000000e+00
-9.814453125000000000e-02 -1.411132812500000000e-01 8.920898437500000000e-01
-5.053710937500000000e-02 -2.902832031250000000e-01 8.171386718750000000e-01
9.179687500000000000e-02 1.320800781250000000e-01 1.013427734375000000e+00
-3.979492187500000000e-02 -9.765625000000000000e-03 1.122314453125000000e+00
3.735351562500000000e-02 2.392578125000000000e-02 1.104492187500000000e+00
3.247070312500000000e-02 4.370117187500000000e-02 1.312744140625000000e+00
-4.956054687500000000e-02 -1.464843750000000000e-02 9.782714843750000000e-01
9.765625000000000000e-03 -1.940917968750000000e-01 9.187011718750000000e-01
-2.270507812500000000e-02 -1.464843750000000000e-02 1.042480468750000000e+00
-3.881835937500000000e-02 -2.270507812500000000e-02 1.066894531250000000e+00
6.542968750000000000e-02 -1.538085937500000000e-01 1.063232421875000000e+00
7.788085937500000000e-02 -7.568359375000000000e-02 1.231201171875000000e+00
2.124023437500000000e-02 9.667968750000000000e-02 1.107910156250000000e+00
1.953125000000000000e-03 2.929687500000000000e-02 1.065185546875000000e+00
-7.397460937500000000e-02 -1.611328125000000000e-02 1.011962890625000000e+00
-4.003906250000000000e-02 -2.255859375000000000e-01 9.724121093750000000e-01
-5.175781250000000000e-02 -3.271484375000000000e-01 7.214355468750000000e-01
7.763671875000000000e-02 -4.467773437500000000e-02 7.070312500000000000e-01
-1.416015625000000000e-02 6.274414062500000000e-02 1.164062500000000000e+00
-3.442382812500000000e-02 -1.289062500000000000e-01 1.052001953125000000e+00
6.445312500000000000e-02 -3.959960937500000000e-01 1.060302734375000000e+00
-1.733398437500000000e-02 4.248046875000000000e-02 1.099609375000000000e+00
5.615234375000000000e-02 -2.294921875000000000e-02 9.697265625000000000e-01
-1.391601562500000000e-02 -7.666015625000000000e-02 1.069091796875000000e+00
4.174804687500000000e-02 -4.223632812500000000e-02 9.799804687500000000e-01
4.589843750000000000e-02 -1.091308593750000000e-01 1.002441406250000000e+00
-1.171875000000000000e-02 -9.326171875000000000e-02 1.051757812500000000e+00
2.368164062500000000e-02 -1.269531250000000000e-02 9.653320312500000000e-01
-2.124023437500000000e-02 -1.171875000000000000e-02 1.016113281250000000e+00
2.197265625000000000e-03 1.562500000000000000e-02 9.584960937500000000e-01
1.708984375000000000e-02 -1.284179687500000000e-01 1.016845703125000000e+00
-1.416015625000000000e-02 -1.250000000000000000e-01 1.022949218750000000e+00
2.441406250000000000e-02 -1.149902343750000000e-01 9.963378906250000000e-01
3.369140625000000000e-02 -1.074218750000000000e-01 9.951171875000000000e-01
2.172851562500000000e-02 -8.569335937500000000e-02 9.919433593750000000e-01
-5.371093750000000000e-03 2.685546875000000000e-03 1.037597656250000000e+00
4.321289062500000000e-02 -1.306152343750000000e-01 1.008544921875000000e+00
-3.369140625000000000e-02 2.319335937500000000e-01 1.056152343750000000e+00
5.004882812500000000e-02 -1.684570312500000000e-01 1.026611328125000000e+00
5.200195312500000000e-02 -1.164550781250000000e-01 1.059082031250000000e+00
-6.518554687500000000e-02 -1.401367187500000000e-01 1.087646484375000000e+00
4.223632812500000000e-02 2.807617187500000000e-02 8.979492187500000000e-01
-3.442382812500000000e-02 2.236328125000000000e-01 1.043212890625000000e+00
-4.614257812500000000e-02 -1.520996093750000000e-01 9.626464843750000000e-01
7.324218750000000000e-04 -9.570312500000000000e-02 1.069091796875000000e+00
2.148437500000000000e-02 -1.118164062500000000e-01 8.723144531250000000e-01
4.345703125000000000e-02 -7.104492187500000000e-02 9.990234375000000000e-01
2.880859375000000000e-02 3.271484375000000000e-02 1.067626953125000000e+00
2.490234375000000000e-02 2.937011718750000000e-01 1.177246093750000000e+00
-5.004882812500000000e-02 3.613281250000000000e-02 1.173095703125000000e+00
5.859375000000000000e-03 4.052734375000000000e-02 1.152343750000000000e+00
1.440429687500000000e-02 -7.812500000000000000e-03 1.103027343750000000e+00
1.074218750000000000e-02 -8.911132812500000000e-02 9.580078125000000000e-01
8.911132812500000000e-02 2.050781250000000000e-02 1.140136718750000000e+00
3.759765625000000000e-02 -1.059570312500000000e-01 1.105468750000000000e+00
7.128906250000000000e-02 -1.093750000000000000e-01 1.053955078125000000e+00
-2.416992187500000000e-02 3.496093750000000000e-01 9.641113281250000000e-01
-3.393554687500000000e-02 3.005371093750000000e-01 1.151367187500000000e+00
-3.051757812500000000e-02 5.371093750000000000e-02 9.846191406250000000e-01
3.125000000000000000e-02 3.417968750000000000e-03 1.093750000000000000e+00
-6.445312500000000000e-02 2.158203125000000000e-01 1.111328125000000000e+00
-7.519531250000000000e-02 4.248046875000000000e-02 9.333496093750000000e-01
-1.076660156250000000e-01 7.006835937500000000e-02 8.906250000000000000e-01
-1.806640625000000000e-02 6.372070312500000000e-02 1.080322265625000000e+00
-3.491210937500000000e-02 1.933593750000000000e-01 1.087646484375000000e+00
-1.000976562500000000e-02 2.663574218750000000e-01 9.453125000000000000e-01
-4.272460937500000000e-02 1.970214843750000000e-01 1.027343750000000000e+00
5.371093750000000000e-03 -1.318359375000000000e-02 1.113281250000000000e+00
-5.053710937500000000e-02 2.021484375000000000e-01 1.106689453125000000e+00
-2.221679687500000000e-02 5.834960937500000000e-02 9.685058593750000000e-01
-2.539062500000000000e-02 8.496093750000000000e-02 1.118408203125000000e+00
-1.635742187500000000e-02 -1.220703125000000000e-02 1.096923828125000000e+00
-4.101562500000000000e-02 -6.030273437500000000e-02 1.080566406250000000e+00
-3.588867187500000000e-02 2.304687500000000000e-01 9.931640625000000000e-01
-4.003906250000000000e-02 -6.665039062500000000e-02 1.062988281250000000e+00
1.025390625000000000e-02 -1.660156250000000000e-02 1.028320312500000000e+00
-5.053710937500000000e-02 -1.367187500000000000e-01 1.070068359375000000e+00
3.417968750000000000e-03 2.973632812500000000e-01 1.029541015625000000e+00
-2.319335937500000000e-02 -3.662109375000000000e-03 1.037841796875000000e+00
-1.098632812500000000e-02 -9.399414062500000000e-02 1.061523437500000000e+00
-4.101562500000000000e-02 -1.621093750000000000e-01 9.387207031250000000e-01
-3.808593750000000000e-02 -1.103515625000000000e-01 9.641113281250000000e-01
-4.711914062500000000e-02 -5.810546875000000000e-02 8.896484375000000000e-01
-1.562500000000000000e-02 -1.542968750000000000e-01 1.004394531250000000e+00
-5.175781250000000000e-02 1.367187500000000000e-02 9.580078125000000000e-01
-4.370117187500000000e-02 -1.843261718750000000e-01 9.287109375000000000e-01
-8.789062500000000000e-03 1.394042968750000000e-01 9.455566406250000000e-01
-4.638671875000000000e-03 -1.520996093750000000e-01 9.802246093750000000e-01
-3.320312500000000000e-02 -1.411132812500000000e-01 9.946289062500000000e-01
-1.684570312500000000e-02 -2.343750000000000000e-02 1.026123046875000000e+00
9.277343750000000000e-03 2.009277343750000000e-01 1.019287109375000000e+00
-5.371093750000000000e-03 1.357421875000000000e-01 1.039550781250000000e+00
-3.320312500000000000e-02 1.018066406250000000e-01 1.055175781250000000e+00
-3.027343750000000000e-02 7.104492187500000000e-02 1.039794921875000000e+00
-4.028320312500000000e-02 -5.493164062500000000e-02 1.013183593750000000e+00
-2.905273437500000000e-02 -9.863281250000000000e-02 9.846191406250000000e-01
-2.075195312500000000e-02 2.636718750000000000e-02 9.638671875000000000e-01
-3.320312500000000000e-02 -9.960937500000000000e-02 1.040527343750000000e+00
-2.319335937500000000e-02 7.641601562500000000e-02 1.045654296875000000e+00
-4.882812500000000000e-04 -1.628417968750000000e-01 1.023193359375000000e+00
-2.270507812500000000e-02 2.612304687500000000e-02 9.921875000000000000e-01
-1.782226562500000000e-02 1.271972656250000000e-01 1.013183593750000000e+00
-1.831054687500000000e-02 -1.552734375000000000e-01 1.032958984375000000e+00
-2.319335937500000000e-02 -1.364746093750000000e-01 1.000244140625000000e+00
-3.100585937500000000e-02 1.706542968750000000e-01 1.029785156250000000e+00
-2.221679687500000000e-02 -1.708984375000000000e-02 9.960937500000000000e-01
-1.855468750000000000e-02 -3.198242187500000000e-02 1.024658203125000000e+00
-3.002929687500000000e-02 -1.220703125000000000e-02 9.885253906250000000e-01
-2.832031250000000000e-02 -8.374023437500000000e-02 1.019775390625000000e+00
-1.489257812500000000e-02 4.138183593750000000e-01 1.013427734375000000e+00
-2.514648437500000000e-02 -6.176757812500000000e-02 1.003906250000000000e+00
-2.416992187500000000e-02 -1.416015625000000000e-02 1.009277343750000000e+00
-1.416015625000000000e-02 3.320312500000000000e-02 9.929199218750000000e-01
-2.539062500000000000e-02 -1.264648437500000000e-01 1.030273437500000000e+00
-2.026367187500000000e-02 5.615234375000000000e-03 1.013671875000000000e+00
-2.783203125000000000e-02 9.033203125000000000e-02 1.023193359375000000e+00
-1.757812500000000000e-02 3.222656250000000000e-02 1.002685546875000000e+00
-2.026367187500000000e-02 7.714843750000000000e-02 1.004638671875000000e+00
-7.324218750000000000e-03 -5.639648437500000000e-02 1.016113281250000000e+00
-1.904296875000000000e-02 -7.031250000000000000e-02 1.008544921875000000e+00
-2.246093750000000000e-02 -7.592773437500000000e-02 1.011718750000000000e+00
-2.050781250000000000e-02 1.179199218750000000e-01 1.012207031250000000e+00
-3.051757812500000000e-02 -3.662109375000000000e-03 1.030273437500000000e+00
-2.221679687500000000e-02 6.835937500000000000e-03 1.026367187500000000e+00
-2.026367187500000000e-02 7.934570312500000000e-02 1.012207031250000000e+00
-2.856445312500000000e-02 1.025390625000000000e-02 1.014404296875000000e+00
-1.635742187500000000e-02 -3.173828125000000000e-02 1.015869140625000000e+00
-2.124023437500000000e-02 -8.203125000000000000e-02 1.009765625000000000e+00
-2.465820312500000000e-02 -5.908203125000000000e-02 1.014892578125000000e+00
-1.684570312500000000e-02 3.540039062500000000e-02 1.013183593750000000e+00
-3.100585937500000000e-02 7.788085937500000000e-02 1.006103515625000000e+00
-3.002929687500000000e-02 9.765625000000000000e-04 1.005615234375000000e+00
-1.538085937500000000e-02 1.025390625000000000e-02 1.019042968750000000e+00
-2.246093750000000000e-02 -4.394531250000000000e-03 1.009765625000000000e+00
-2.172851562500000000e-02 -3.662109375000000000e-02 1.021240234375000000e+00
-2.368164062500000000e-02 -7.226562500000000000e-02 1.014648437500000000e+00
-2.246093750000000000e-02 -4.370117187500000000e-02 1.015136718750000000e+00
-2.050781250000000000e-02 4.467773437500000000e-02 1.013183593750000000e+00
-1.269531250000000000e-02 3.881835937500000000e-02 1.011962890625000000e+00
-2.050781250000000000e-02 1.684570312500000000e-02 1.015136718750000000e+00
-2.270507812500000000e-02 2.441406250000000000e-04 1.007324218750000000e+00
-2.539062500000000000e-02 -6.372070312500000000e-02 1.009033203125000000e+00
-2.099609375000000000e-02 -3.002929687500000000e-02 1.007080078125000000e+00
-2.978515625000000000e-02 1.782226562500000000e-02 1.023925781250000000e+00
-2.929687500000000000e-03 4.125976562500000000e-02 1.004150390625000000e+00
-1.977539062500000000e-02 9.765625000000000000e-03 1.009521484375000000e+00
-3.125000000000000000e-02 -5.371093750000000000e-03 1.012695312500000000e+00
-2.148437500000000000e-02 -2.612304687500000000e-02 1.008056640625000000e+00
-7.324218750000000000e-04 -1.855468750000000000e-02 1.003417968750000000e+00
-2.172851562500000000e-02 -1.464843750000000000e-02 1.015380859375000000e+00
-2.001953125000000000e-02 -8.789062500000000000e-03 1.007568359375000000e+00
-1.855468750000000000e-02 2.685546875000000000e-03 1.007080078125000000e+00
-1.928710937500000000e-02 -5.126953125000000000e-03 1.024902343750000000e+00
-2.270507812500000000e-02 -2.197265625000000000e-03 1.005615234375000000e+00
-2.099609375000000000e-02 -1.855468750000000000e-02 1.008789062500000000e+00
-2.124023437500000000e-02 -4.614257812500000000e-02 1.021240234375000000e+00
-2.465820312500000000e-02 -1.464843750000000000e-02 1.012207031250000000e+00
-1.611328125000000000e-02 -2.929687500000000000e-03 1.010986328125000000e+00
-2.124023437500000000e-02 -1.464843750000000000e-03 1.011474609375000000e+00
-1.708984375000000000e-02 -5.371093750000000000e-03 1.030761718750000000e+00
-1.196289062500000000e-02 -2.929687500000000000e-03 1.001953125000000000e+00
-2.099609375000000000e-02 -2.856445312500000000e-02 1.010498046875000000e+00
-2.197265625000000000e-02 -1.318359375000000000e-02 1.011718750000000000e+00
-1.977539062500000000e-02 -2.685546875000000000e-03 1.011474609375000000e+00
-1.464843750000000000e-02 -5.859375000000000000e-03 1.019531250000000000e+00
-1.953125000000000000e-02 -1.806640625000000000e-02 1.016845703125000000e+00
-8.789062500000000000e-03 -1.586914062500000000e-02 1.012939453125000000e+00
-1.831054687500000000e-02 -2.172851562500000000e-02 1.008056640625000000e+00
-2.343750000000000000e-02 -5.126953125000000000e-03 1.016845703125000000e+00
-1.977539062500000000e-02 -1.367187500000000000e-02 1.000000000000000000e+00
-1.757812500000000000e-02 -1.220703125000000000e-02 1.005615234375000000e+00
-2.246093750000000000e-02 -7.324218750000000000e-04 1.008300781250000000e+00
-2.026367187500000000e-02 -1.489257812500000000e-02 1.026123046875000000e+00
-2.587890625000000000e-02 -2.270507812500000000e-02 1.012939453125000000e+00
-2.270507812500000000e-02 -1.757812500000000000e-02 1.006835937500000000e+00
-1.855468750000000000e-02 -1.757812500000000000e-02 1.012939453125000000e+00
-2.050781250000000000e-02 -9.765625000000000000e-03 1.009765625000000000e+00
-1.782226562500000000e-02 -4.394531250000000000e-03 1.012695312500000000e+00
-1.757812500000000000e-02 -1.049804687500000000e-02 1.004150390625000000e+00
-1.538085937500000000e-02 -1.757812500000000000e-02 1.015625000000000000e+00
-2.661132812500000000e-02 -1.513671875000000000e-02 1.007568359375000000e+00
-2.954101562500000000e-02 -7.568359375000000000e-03 1.001953125000000000e+00
-1.757812500000000000e-02 -1.025390625000000000e-02 1.020507812500000000e+00
-1.806640625000000000e-02 -1.293945312500000000e-02 1.015625000000000000e+00
-2.124023437500000000e-02 -1.391601562500000000e-02 1.010986328125000000e+00
-2.587890625000000000e-02 -1.391601562500000000e-02 1.016845703125000000e+00
-2.197265625000000000e-02 -2.758789062500000000e-02 1.005126953125000000e+00
-2.343750000000000000e-02 -1.245117187500000000e-02 1.015380859375000000e+00
-1.928710937500000000e-02 -8.056640625000000000e-03 1.025634765625000000e+00
-2.050781250000000000e-02 -1.342773437500000000e-02 1.013183593750000000e+00
-1.831054687500000000e-02 -1.513671875000000000e-02 1.005371093750000000e+00
-2.124023437500000000e-02 -1.977539062500000000e-02 1.013427734375000000e+00
-1.953125000000000000e-02 -8.544921875000000000e-03 1.005126953125000000e+00
-1.586914062500000000e-02 -9.521484375000000000e-03 1.014160156250000000e+00
-2.148437500000000000e-02 -1.464843750000000000e-02 1.012451171875000000e+00
-1.440429687500000000e-02 -2.197265625000000000e-03 1.004394531250000000e+00
-2.294921875000000000e-02 -1.293945312500000000e-02 1.012695312500000000e+00
-1.977539062500000000e-02 -1.293945312500000000e-02 1.004150390625000000e+00
-2.148437500000000000e-02 -8.544921875000000000e-03 1.013916015625000000e+00
-2.929687500000000000e-03 -1.342773437500000000e-02 1.017089843750000000e+00
-2.099609375000000000e-02 -1.708984375000000000e-03 1.010498046875000000e+00
-2.490234375000000000e-02 -7.812500000000000000e-03 1.005859375000000000e+00
-2.294921875000000000e-02 -7.324218750000000000e-03 1.005859375000000000e+00
-1.708984375000000000e-02 -8.300781250000000000e-03 1.004150390625000000e+00
-1.806640625000000000e-02 -1.757812500000000000e-02 1.022949218750000000e+00
-1.904296875000000000e-02 -1.245117187500000000e-02 1.008056640625000000e+00
-1.586914062500000000e-02 -1.513671875000000000e-02 1.015380859375000000e+00
-3.100585937500000000e-02 -9.277343750000000000e-03 1.007080078125000000e+00
-1.611328125000000000e-02 -9.277343750000000000e-03 1.009277343750000000e+00
-2.539062500000000000e-02 -1.708984375000000000e-02 1.006347656250000000e+00
-1.684570312500000000e-02 -1.391601562500000000e-02 1.012695312500000000e+00
-1.416015625000000000e-02 -4.882812500000000000e-03 1.004394531250000000e+00
-1.831054687500000000e-02 -1.293945312500000000e-02 1.009277343750000000e+00
-2.197265625000000000e-02 -6.347656250000000000e-03 1.006103515625000000e+00
-1.684570312500000000e-02 -1.489257812500000000e-02 1.009277343750000000e+00
-2.246093750000000000e-02 -1.123046875000000000e-02 9.987792968750000000e-01
-2.124023437500000000e-02 -1.220703125000000000e-02 1.015136718750000000e+00
-2.197265625000000000e-02 -8.056640625000000000e-03 1.020507812500000000e+00
-1.708984375000000000e-02 -1.318359375000000000e-02 1.010742187500000000e+00
-2.343750000000000000e-02 -9.033203125000000000e-03 1.019531250000000000e+00
-1.293945312500000000e-02 -1.489257812500000000e-02 1.013183593750000000e+00
-2.001953125000000000e-02 -7.324218750000000000e-03 1.029052734375000000e+00
-2.075195312500000000e-02 -1.074218750000000000e-02 1.002441406250000000e+00
-1.757812500000000000e-02 -1.953125000000000000e-03 1.015380859375000000e+00
-2.026367187500000000e-02 -8.544921875000000000e-03 1.015869140625000000e+00
-1.708984375000000000e-02 -1.586914062500000000e-02 1.009521484375000000e+00
-1.757812500000000000e-02 -7.812500000000000000e-03 1.016357421875000000e+00
-1.757812500000000000e-02 -1.367187500000000000e-02 1.013916015625000000e+00
-2.001953125000000000e-02 -1.000976562500000000e-02 1.015136718750000000e+00
-2.246093750000000000e-02 -1.733398437500000000e-02 1.016845703125000000e+00
-2.270507812500000000e-02 -5.615234375000000000e-03 1.023681640625000000e+00
-1.904296875000000000e-02 -8.544921875000000000e-03 1.010253906250000000e+00
-1.953125000000000000e-02 -1.367187500000000000e-02 1.009277343750000000e+00
-1.733398437500000000e-02 -1.342773437500000000e-02 1.012207031250000000e+00
-2.856445312500000000e-02 -9.765625000000000000e-03 1.011718750000000000e+00
-1.855468750000000000e-02 -1.049804687500000000e-02 1.006835937500000000e+00
-1.879882812500000000e-02 -9.277343750000000000e-03 1.013916015625000000e+00
-2.880859375000000000e-02 5.126953125000000000e-02 1.003906250000000000e+00
-2.026367187500000000e-02 -2.587890625000000000e-02 9.880371093750000000e-01
-2.124023437500000000e-02 -1.318359375000000000e-02 1.001708984375000000e+00
-2.050781250000000000e-02 -4.150390625000000000e-03 1.018798828125000000e+00
-1.660156250000000000e-02 -2.563476562500000000e-02 1.010498046875000000e+00
-1.708984375000000000e-02 -8.544921875000000000e-03 1.013671875000000000e+00
-1.782226562500000000e-02 -4.394531250000000000e-03 1.008300781250000000e+00
-1.733398437500000000e-02 5.371093750000000000e-03 1.003173828125000000e+00
-2.124023437500000000e-02 -1.318359375000000000e-02 1.012451171875000000e+00
-1.928710937500000000e-02 7.324218750000000000e-03 1.005859375000000000e+00
-2.075195312500000000e-02 -7.324218750000000000e-04 1.027832031250000000e+00
-1.513671875000000000e-02 -1.660156250000000000e-02 1.013427734375000000e+00
-1.464843750000000000e-03 6.835937500000000000e-03 1.002197265625000000e+00
-1.757812500000000000e-02 3.149414062500000000e-02 1.019287109375000000e+00
-2.465820312500000000e-02 -7.080078125000000000e-03 1.010986328125000000e+00
-2.050781250000000000e-02 -1.464843750000000000e-02 1.018554687500000000e+00
-1.660156250000000000e-02 2.148437500000000000e-02 1.021484375000000000e+00
-2.124023437500000000e-02 -5.029296875000000000e-02 1.009033203125000000e+00
-3.051757812500000000e-02 -1.977539062500000000e-02 1.005615234375000000e+00
-2.392578125000000000e-02 -2.124023437500000000e-02 1.003417968750000000e+00
-2.026367187500000000e-02 5.322265625000000000e-02 1.022705078125000000e+00
-1.782226562500000000e-02 2.539062500000000000e-02 1.012207031250000000e+00
-2.465820312500000000e-02 -8.691406250000000000e-02 1.017333984375000000e+00
-2.416992187500000000e-02 -1.318359375000000000e-02 1.013427734375000000e+00
-2.050781250000000000e-02 4.174804687500000000e-02 1.005615234375000000e+00
-2.416992187500000000e-02 -3.686523437500000000e-02 1.004150390625000000e+00
-2.563476562500000000e-02 -2.612304687500000000e-02 1.010498046875000000e+00
-2.246093750000000000e-02 5.053710937500000000e-02 1.012939453125000000e+00
-2.905273437500000000e-02 4.858398437500000000e-02 1.016113281250000000e+00
-1.611328125000000000e-02 -1.047363281250000000e-01 1.012939453125000000e+00
-1.635742187500000000e-02 -4.541015625000000000e-02 1.017578125000000000e+00
-2.001953125000000000e-02 -6.103515625000000000e-03 1.006347656250000000e+00
-3.100585937500000000e-02 4.541015625000000000e-02 1.013916015625000000e+00
-1.660156250000000000e-02 6.591796875000000000e-02 1.022949218750000000e+00
-1.953125000000000000e-02 -6.591796875000000000e-02 1.017822265625000000e+00
-1.660156250000000000e-02 -6.176757812500000000e-02 1.014404296875000000e+00
-1.928710937500000000e-02 1.586914062500000000e-02 1.006835937500000000e+00
-1.855468750000000000e-02 1.611328125000000000e-02 1.008544921875000000e+00
-2.221679687500000000e-02 -1.596679687500000000e-01 1.012451171875000000e+00
-2.319335937500000000e-02 2.197265625000000000e-02 1.011962890625000000e+00
-1.806640625000000000e-02 8.471679687500000000e-02 1.009277343750000000e+00
-2.709960937500000000e-02 4.516601562500000000e-02 1.018798828125000000e+00
-2.294921875000000000e-02 -1.066894531250000000e-01 1.011962890625000000e+00
-1.660156250000000000e-02 -3.662109375000000000e-03 1.006347656250000000e+00
-1.855468750000000000e-02 4.760742187500000000e-02 1.024658203125000000e+00
-2.172851562500000000e-02 -6.054687500000000000e-02 1.006835937500000000e+00
-2.172851562500000000e-02 -3.613281250000000000e-02 1.012207031250000000e+00
-2.026367187500000000e-02 -2.685546875000000000e-03 1.016845703125000000e+00
-2.050781250000000000e-02 1.025390625000000000e-02 1.018310546875000000e+00
-1.928710937500000000e-02 -1.904296875000000000e-02 1.018066406250000000e+00
-1.953125000000000000e-02 -4.272460937500000000e-02 1.013671875000000000e+00
-2.880859375000000000e-02 -5.371093750000000000e-03 1.006103515625000000e+00
