0.000000000000000000e+00 0.000000000000000000e+00 0.000000000000000000e+00
-1.708984375000000000e-02 1.220703125000000000e-02 1.011474609375000000e+00
-1.611328125000000000e-02 7.812500000000000000e-03 1.009277343750000000e+00
-3.125000000000000000e-02 2.929687500000000000e-03 1.011474609375000000e+00
-1.904296875000000000e-02 9.521484375000000000e-03 1.003662109375000000e+00
-1.220703125000000000e-03 4.882812500000000000e-04 1.011230468750000000e+00
-2.319335937500000000e-02 7.812500000000000000e-03 9.912109375000000000e-01
-1.660156250000000000e-02 4.882812500000000000e-03 1.003173828125000000e+00
-1.635742187500000000e-02 -1.318359375000000000e-02 1.003173828125000000e+00
-1.538085937500000000e-02 4.638671875000000000e-03 1.011230468750000000e+00
-1.025390625000000000e-02 4.394531250000000000e-03 1.007812500000000000e+00
-1.318359375000000000e-02 3.173828125000000000e-03 1.006103515625000000e+00
-1.708984375000000000e-02 7.812500000000000000e-03 1.002685546875000000e+00
-1.806640625000000000e-02 3.906250000000000000e-03 1.002197265625000000e+00
-7.324218750000000000e-04 -1.538085937500000000e-02 1.004394531250000000e+00
-1.635742187500000000e-02 3.173828125000000000e-03 1.009521484375000000e+00
-2.954101562500000000e-02 2.441406250000000000e-03 1.002929687500000000e+00
-1.318359375000000000e-02 5.615234375000000000e-03 1.007812500000000000e+00
-2.270507812500000000e-02 4.882812500000000000e-04 1.003173828125000000e+00
-2.343750000000000000e-02 -4.150390625000000000e-03 1.017333984375000000e+00
-1.806640625000000000e-02 -1.562500000000000000e-02 1.003906250000000000e+00
-2.124023437500000000e-02 -1.367187500000000000e-02 1.014160156250000000e+00
-2.929687500000000000e-02 1.220703125000000000e-03 1.026123046875000000e+00
-1.708984375000000000e-02 -1.953125000000000000e-03 1.005126953125000000e+00
-1.782226562500000000e-02 2.929687500000000000e-03 1.008300781250000000e+00
-1.831054687500000000e-02 -9.033203125000000000e-03 1.014648437500000000e+00
-1.196289062500000000e-02 7.080078125000000000e-03 1.009033203125000000e+00
-1.904296875000000000e-02 -2.197265625000000000e-03 1.014160156250000000e+00
-1.123046875000000000e-02 -4.882812500000000000e-03 1.013671875000000000e+00
-2.539062500000000000e-02 -8.544921875000000000e-03 1.012451171875000000e+00
-1.489257812500000000e-02 -7.080078125000000000e-03 1.012939453125000000e+00
-1.635742187500000000e-02 -1.293945312500000000e-02 1.011962890625000000e+00
-1.855468750000000000e-02 -9.521484375000000000e-03 1.009521484375000000e+00
-2.197265625000000000e-02 -2.270507812500000000e-02 1.006347656250000000e+00
-6.103515625000000000e-03 -1.538085937500000000e-02 1.008789062500000000e+00
-1.635742187500000000e-02 -4.394531250000000000e-03 1.000000000000000000e+00
-1.708984375000000000e-02 -1.831054687500000000e-02 1.008544921875000000e+00
-1.928710937500000000e-02 0.000000000000000000e+00 1.005615234375000000e+00
-1.098632812500000000e-02 -6.347656250000000000e-03 1.004882812500000000e+00
-1.269531250000000000e-02 8.789062500000000000e-03 1.000000000000000000e+00
-2.026367187500000000e-02 2.197265625000000000e-03 1.012451171875000000e+00
-1.708984375000000000e-02 -1.708984375000000000e-03 1.001464843750000000e+00
-1.611328125000000000e-02 2.685546875000000000e-03 1.008300781250000000e+00
-8.056640625000000000e-03 2.734375000000000000e-02 1.005126953125000000e+00
-1.342773437500000000e-02 2.441406250000000000e-04 1.014892578125000000e+00
-1.831054687500000000e-02 -1.953125000000000000e-02 1.012939453125000000e+00
-2.075195312500000000e-02 -1.684570312500000000e-02 1.003662109375000000e+00
-1.342773437500000000e-02 -1.098632812500000000e-02 1.014160156250000000e+00
-2.441406250000000000e-04 4.052734375000000000e-02 1.019775390625000000e+00
-2.148437500000000000e-02 -7.324218750000000000e-03 9.865722656250000000e-01
-2.050781250000000000e-02 -2.441406250000000000e-02 9.995117187500000000e-01
-1.391601562500000000e-02 -3.002929687500000000e-02 1.010986328125000000e+00
-2.270507812500000000e-02 -5.541992187500000000e-02 1.009277343750000000e+00
-1.586914062500000000e-02 -9.765625000000000000e-04 1.013916015625000000e+00
-5.859375000000000000e-03 -2.929687500000000000e-03 1.013183593750000000e+00
-1.245117187500000000e-02 3.906250000000000000e-02 1.019042968750000000e+00
-1.196289062500000000e-02 9.521484375000000000e-03 1.010009765625000000e+00
-2.587890625000000000e-02 1.879882812500000000e-02 1.007080078125000000e+00
-3.662109375000000000e-03 -2.685546875000000000e-03 1.004394531250000000e+00
-2.099609375000000000e-02 4.882812500000000000e-03 1.010986328125000000e+00
-1.977539062500000000e-02 9.277343750000000000e-03 1.008300781250000000e+00
-2.832031250000000000e-02 9.033203125000000000e-03 1.004150390625000000e+00
-1.635742187500000000e-02 9.521484375000000000e-03 1.007080078125000000e+00
-2.709960937500000000e-02 -1.684570312500000000e-02 1.007812500000000000e+00
-2.319335937500000000e-02 -2.954101562500000000e-02 1.006835937500000000e+00
-2.246093750000000000e-02 4.638671875000000000e-03 1.007324218750000000e+00
-1.464843750000000000e-02 3.100585937500000000e-02 1.005371093750000000e+00
-1.025390625000000000e-02 5.493164062500000000e-02 1.009765625000000000e+00
-1.660156250000000000e-02 4.077148437500000000e-02 1.009765625000000000e+00
-2.197265625000000000e-03 -2.050781250000000000e-02 1.006347656250000000e+00
-1.269531250000000000e-02 -9.765625000000000000e-03 1.014648437500000000e+00
-1.611328125000000000e-02 1.049804687500000000e-02 1.004394531250000000e+00
-9.765625000000000000e-04 3.344726562500000000e-02 1.012207031250000000e+00
-5.859375000000000000e-03 5.126953125000000000e-03 1.010742187500000000e+00
-1.147460937500000000e-02 2.441406250000000000e-04 1.009521484375000000e+00
-1.782226562500000000e-02 2.929687500000000000e-03 1.010253906250000000e+00
-1.757812500000000000e-02 -5.859375000000000000e-03 1.014892578125000000e+00
-7.080078125000000000e-03 3.320312500000000000e-02 1.010009765625000000e+00
-1.855468750000000000e-02 2.075195312500000000e-02 1.001708984375000000e+00
-6.347656250000000000e-03 3.417968750000000000e-02 1.007812500000000000e+00
-1.782226562500000000e-02 2.636718750000000000e-02 1.007080078125000000e+00
-1.098632812500000000e-02 1.904296875000000000e-02 1.010009765625000000e+00
-1.611328125000000000e-02 -1.953125000000000000e-03 1.011230468750000000e+00
-1.220703125000000000e-03 1.220703125000000000e-03 1.001953125000000000e+00
-1.953125000000000000e-02 -2.929687500000000000e-03 1.007080078125000000e+00
-4.882812500000000000e-04 2.319335937500000000e-02 1.007324218750000000e+00
-1.831054687500000000e-02 3.759765625000000000e-02 1.006591796875000000e+00
-2.148437500000000000e-02 2.880859375000000000e-02 1.006347656250000000e+00
-1.562500000000000000e-02 2.465820312500000000e-02 1.020507812500000000e+00
-1.538085937500000000e-02 1.513671875000000000e-02 1.014404296875000000e+00
-1.611328125000000000e-02 2.807617187500000000e-02 1.000976562500000000e+00
-9.765625000000000000e-03 4.638671875000000000e-03 1.006347656250000000e+00
-1.147460937500000000e-02 1.440429687500000000e-02 1.002929687500000000e+00
-1.562500000000000000e-02 1.464843750000000000e-02 1.013916015625000000e+00
-1.464843750000000000e-02 1.098632812500000000e-02 1.009033203125000000e+00
-1.000976562500000000e-02 3.906250000000000000e-03 1.006835937500000000e+00
-2.124023437500000000e-02 4.394531250000000000e-03 1.008300781250000000e+00
-1.660156250000000000e-02 5.126953125000000000e-03 9.968261718750000000e-01
-9.765625000000000000e-04 2.929687500000000000e-03 1.014160156250000000e+00
-1.513671875000000000e-02 9.765625000000000000e-03 1.011962890625000000e+00
-7.324218750000000000e-04 4.150390625000000000e-03 1.012207031250000000e+00
-1.879882812500000000e-02 9.521484375000000000e-03 1.008056640625000000e+00
-1.123046875000000000e-02 9.521484375000000000e-03 1.011474609375000000e+00
-1.245117187500000000e-02 6.591796875000000000e-03 1.004638671875000000e+00
-1.831054687500000000e-02 3.906250000000000000e-03 1.010742187500000000e+00
-2.124023437500000000e-02 9.033203125000000000e-03 1.002685546875000000e+00
-1.489257812500000000e-02 -3.906250000000000000e-03 9.978027343750000000e-01
-2.099609375000000000e-02 9.033203125000000000e-03 1.006591796875000000e+00
-1.977539062500000000e-02 3.906250000000000000e-03 1.009765625000000000e+00
-2.685546875000000000e-02 1.220703125000000000e-02 1.008544921875000000e+00
-1.757812500000000000e-02 7.568359375000000000e-03 1.007568359375000000e+00
-2.050781250000000000e-02 1.171875000000000000e-02 1.000000000000000000e+00
-1.025390625000000000e-02 8.789062500000000000e-03 1.004150390625000000e+00
-1.245117187500000000e-02 6.591796875000000000e-03 1.013671875000000000e+00
-2.026367187500000000e-02 1.147460937500000000e-02 1.002197265625000000e+00
-1.611328125000000000e-02 1.000976562500000000e-02 1.009277343750000000e+00
-1.269531250000000000e-02 7.812500000000000000e-03 1.008300781250000000e+00
-2.172851562500000000e-02 9.033203125000000000e-03 1.010009765625000000e+00
-1.904296875000000000e-02 8.789062500000000000e-03 1.006835937500000000e+00
-2.099609375000000000e-02 1.220703125000000000e-03 1.005126953125000000e+00
-1.635742187500000000e-02 6.591796875000000000e-03 1.014160156250000000e+00
-3.027343750000000000e-02 0.000000000000000000e+00 1.029296875000000000e+00
-1.806640625000000000e-02 1.196289062500000000e-02 1.006103515625000000e+00
-3.027343750000000000e-02 1.147460937500000000e-02 1.004638671875000000e+00
-1.538085937500000000e-02 1.513671875000000000e-02 1.002197265625000000e+00
-2.050781250000000000e-02 1.123046875000000000e-02 1.008056640625000000e+00
-1.879882812500000000e-02 1.635742187500000000e-02 1.009033203125000000e+00
-1.025390625000000000e-02 2.490234375000000000e-02 1.010498046875000000e+00
-1.318359375000000000e-02 1.245117187500000000e-02 1.002929687500000000e+00
-1.635742187500000000e-02 4.394531250000000000e-03 1.015136718750000000e+00
-1.220703125000000000e-02 2.441406250000000000e-03 1.011230468750000000e+00
-1.660156250000000000e-02 7.324218750000000000e-03 1.008789062500000000e+00
-1.684570312500000000e-02 3.417968750000000000e-03 1.010742187500000000e+00
-3.002929687500000000e-02 7.812500000000000000e-03 1.003906250000000000e+00
-4.150390625000000000e-03 1.074218750000000000e-02 1.016601562500000000e+00
-2.832031250000000000e-02 9.277343750000000000e-03 1.011230468750000000e+00
-8.544921875000000000e-03 0.000000000000000000e+00 1.008789062500000000e+00
-1.660156250000000000e-02 1.489257812500000000e-02 1.016357421875000000e+00
-1.391601562500000000e-02 7.324218750000000000e-03 1.010009765625000000e+00
-1.684570312500000000e-02 3.906250000000000000e-03 1.010253906250000000e+00
-1.538085937500000000e-02 0.000000000000000000e+00 1.002441406250000000e+00
-8.789062500000000000e-03 1.196289062500000000e-02 9.995117187500000000e-01
-1.806640625000000000e-02 4.638671875000000000e-03 1.007568359375000000e+00
-1.489257812500000000e-02 5.371093750000000000e-03 1.000488281250000000e+00
-1.855468750000000000e-02 -2.929687500000000000e-03 1.012207031250000000e+00
-1.025390625000000000e-02 1.000976562500000000e-02 1.030029296875000000e+00
-2.099609375000000000e-02 1.220703125000000000e-02 1.000732421875000000e+00
-1.684570312500000000e-02 4.638671875000000000e-03 1.022949218750000000e+00
-1.196289062500000000e-02 9.277343750000000000e-03 1.016357421875000000e+00
-1.708984375000000000e-02 8.544921875000000000e-03 1.015625000000000000e+00
-1.611328125000000000e-02 5.126953125000000000e-03 1.012207031250000000e+00
-1.538085937500000000e-02 2.441406250000000000e-03 1.008300781250000000e+00
-1.562500000000000000e-02 1.000976562500000000e-02 9.987792968750000000e-01
-2.050781250000000000e-02 4.150390625000000000e-03 1.013427734375000000e+00
-2.148437500000000000e-02 -2.197265625000000000e-03 1.020507812500000000e+00
-2.148437500000000000e-02 9.765625000000000000e-03 1.010009765625000000e+00
-1.953125000000000000e-02 -2.929687500000000000e-03 1.000000000000000000e+00
-1.269531250000000000e-02 2.929687500000000000e-03 1.012451171875000000e+00
-1.904296875000000000e-02 8.300781250000000000e-03 9.865722656250000000e-01
-1.245117187500000000e-02 8.544921875000000000e-03 1.000488281250000000e+00
-3.051757812500000000e-02 1.269531250000000000e-02 1.009033203125000000e+00
-1.391601562500000000e-02 8.544921875000000000e-03 1.005615234375000000e+00
-3.906250000000000000e-03 3.662109375000000000e-03 1.008544921875000000e+00
-1.538085937500000000e-02 4.394531250000000000e-03 1.005859375000000000e+00
-1.757812500000000000e-02 5.615234375000000000e-03 1.010009765625000000e+00
-1.879882812500000000e-02 4.638671875000000000e-03 1.004882812500000000e+00
-2.734375000000000000e-02 -1.342773437500000000e-02 1.005371093750000000e+00
-1.635742187500000000e-02 1.123046875000000000e-02 1.009765625000000000e+00
-2.758789062500000000e-02 8.544921875000000000e-03 1.001708984375000000e+00
-8.544921875000000000e-03 2.197265625000000000e-03 1.005615234375000000e+00
-1.489257812500000000e-02 1.245117187500000000e-02 1.010498046875000000e+00
-1.977539062500000000e-02 5.371093750000000000e-03 1.011962890625000000e+00
-1.416015625000000000e-02 6.835937500000000000e-03 1.001220703125000000e+00
-1.123046875000000000e-02 1.196289062500000000e-02 1.010009765625000000e+00
-1.684570312500000000e-02 4.638671875000000000e-03 1.003906250000000000e+00
-1.928710937500000000e-02 -1.123046875000000000e-02 1.010253906250000000e+00
-1.147460937500000000e-02 3.906250000000000000e-03 1.004638671875000000e+00
-1.635742187500000000e-02 2.197265625000000000e-03 1.009033203125000000e+00
-1.171875000000000000e-02 6.835937500000000000e-03 1.004150390625000000e+00
-2.001953125000000000e-02 8.056640625000000000e-03 1.002441406250000000e+00
-1.953125000000000000e-02 7.812500000000000000e-03 1.012207031250000000e+00
-1.293945312500000000e-02 7.080078125000000000e-03 9.992675781250000000e-01
-2.246093750000000000e-02 1.953125000000000000e-03 1.007568359375000000e+00
-1.977539062500000000e-02 6.347656250000000000e-03 1.012939453125000000e+00
-1.464843750000000000e-02 7.080078125000000000e-03 1.010498046875000000e+00
-1.391601562500000000e-02 1.049804687500000000e-02 1.010009765625000000e+00
-3.027343750000000000e-02 1.123046875000000000e-02 1.011962890625000000e+00
-2.026367187500000000e-02 2.636718750000000000e-02 1.015380859375000000e+00
-1.660156250000000000e-02 5.126953125000000000e-03 1.006835937500000000e+00
-1.220703125000000000e-02 2.929687500000000000e-03 1.014892578125000000e+00
-1.049804687500000000e-02 4.150390625000000000e-03 1.008544921875000000e+00
-9.765625000000000000e-03 1.440429687500000000e-02 9.978027343750000000e-01
-1.904296875000000000e-02 8.789062500000000000e-03 1.006103515625000000e+00
-1.464843750000000000e-03 1.708984375000000000e-03 1.001953125000000000e+00
-1.611328125000000000e-02 1.855468750000000000e-02 1.009033203125000000e+00
-1.928710937500000000e-02 -1.269531250000000000e-02 1.004638671875000000e+00
-1.196289062500000000e-02 1.562500000000000000e-02 1.004150390625000000e+00
-1.953125000000000000e-02 1.293945312500000000e-02 1.013427734375000000e+00
-1.416015625000000000e-02 1.049804687500000000e-02 1.004394531250000000e+00
-1.416015625000000000e-02 6.347656250000000000e-03 1.014404296875000000e+00
-1.635742187500000000e-02 1.000976562500000000e-02 1.010009765625000000e+00
-1.904296875000000000e-02 -3.417968750000000000e-03 1.004638671875000000e+00
-2.001953125000000000e-02 1.318359375000000000e-02 1.002685546875000000e+00
-2.075195312500000000e-02 1.220703125000000000e-02 1.014892578125000000e+00
-1.147460937500000000e-02 -4.882812500000000000e-04 1.000488281250000000e+00
-1.562500000000000000e-02 -1.147460937500000000e-02 1.007812500000000000e+00
-1.782226562500000000e-02 2.441406250000000000e-03 1.010986328125000000e+00
-1.074218750000000000e-02 1.684570312500000000e-02 1.008789062500000000e+00
-1.904296875000000000e-02 2.978515625000000000e-02 1.008544921875000000e+00
-1.416015625000000000e-02 7.812500000000000000e-03 1.008300781250000000e+00
-1.123046875000000000e-02 2.954101562500000000e-02 1.009277343750000000e+00
-2.368164062500000000e-02 -4.882812500000000000e-04 1.014892578125000000e+00
-1.708984375000000000e-03 -1.440429687500000000e-02 1.008300781250000000e+00
-1.635742187500000000e-02 1.245117187500000000e-02 1.005859375000000000e+00
-1.000976562500000000e-02 1.757812500000000000e-02 1.008544921875000000e+00
-1.977539062500000000e-02 1.098632812500000000e-02 1.012695312500000000e+00
-1.635742187500000000e-02 3.906250000000000000e-03 1.026855468750000000e+00
-1.855468750000000000e-02 -2.050781250000000000e-02 9.941406250000000000e-01
-2.099609375000000000e-02 -1.538085937500000000e-02 1.006347656250000000e+00
-2.221679687500000000e-02 -5.371093750000000000e-03 1.002197265625000000e+00
-2.075195312500000000e-02 -4.150390625000000000e-03 1.006103515625000000e+00
-9.033203125000000000e-03 3.271484375000000000e-02 1.002441406250000000e+00
-2.905273437500000000e-02 -1.513671875000000000e-02 1.000000000000000000e+00
-3.027343750000000000e-02 -1.196289062500000000e-02 1.006347656250000000e+00
-2.172851562500000000e-02 -8.789062500000000000e-03 1.008789062500000000e+00
-1.562500000000000000e-02 -1.147460937500000000e-02 1.004150390625000000e+00
-1.831054687500000000e-02 -2.929687500000000000e-03 1.008789062500000000e+00
-1.391601562500000000e-02 9.277343750000000000e-03 1.010253906250000000e+00
-1.831054687500000000e-02 -4.638671875000000000e-03 1.009521484375000000e+00
-1.342773437500000000e-02 -9.277343750000000000e-03 1.010986328125000000e+00
-2.612304687500000000e-02 -2.172851562500000000e-02 1.010986328125000000e+00
-2.124023437500000000e-02 -1.733398437500000000e-02 1.012207031250000000e+00
-2.343750000000000000e-02 7.324218750000000000e-04 1.002197265625000000e+00
-1.074218750000000000e-02 7.568359375000000000e-03 1.012451171875000000e+00
-1.269531250000000000e-02 -4.150390625000000000e-03 1.009277343750000000e+00
-1.391601562500000000e-02 3.906250000000000000e-03 1.005126953125000000e+00
-2.050781250000000000e-02 -1.464843750000000000e-03 1.012207031250000000e+00
-3.125000000000000000e-02 -7.568359375000000000e-03 1.008789062500000000e+00
-2.270507812500000000e-02 -3.442382812500000000e-02 1.006103515625000000e+00
-5.859375000000000000e-03 -4.882812500000000000e-04 1.010009765625000000e+00
-1.269531250000000000e-02 -2.197265625000000000e-02 1.008789062500000000e+00
-1.464843750000000000e-02 -1.147460937500000000e-02 1.001953125000000000e+00
-2.270507812500000000e-02 -1.196289062500000000e-02 1.020751953125000000e+00
-2.319335937500000000e-02 1.440429687500000000e-02 1.012695312500000000e+00
-1.733398437500000000e-02 1.000976562500000000e-02 1.006103515625000000e+00
-3.027343750000000000e-02 -1.000976562500000000e-02 1.006103515625000000e+00
-2.197265625000000000e-02 -2.197265625000000000e-02 1.007568359375000000e+00
-1.318359375000000000e-02 5.126953125000000000e-03 1.006103515625000000e+00
-1.635742187500000000e-02 1.464843750000000000e-03 1.006835937500000000e+00
-2.368164062500000000e-02 -2.197265625000000000e-03 1.014892578125000000e+00
-2.343750000000000000e-02 -5.029296875000000000e-02 1.008789062500000000e+00
-2.441406250000000000e-02 -5.126953125000000000e-02 1.007812500000000000e+00
-2.392578125000000000e-02 5.371093750000000000e-03 1.018066406250000000e+00
-1.757812500000000000e-02 -5.615234375000000000e-03 1.004638671875000000e+00
-2.001953125000000000e-02 -1.562500000000000000e-02 1.027343750000000000e+00
-2.026367187500000000e-02 -5.615234375000000000e-03 1.012695312500000000e+00
-1.269531250000000000e-02 2.514648437500000000e-02 1.012451171875000000e+00
-2.832031250000000000e-02 -6.372070312500000000e-02 1.018066406250000000e+00
-2.539062500000000000e-02 9.277343750000000000e-03 1.004882812500000000e+00
-2.636718750000000000e-02 3.686523437500000000e-02 1.014404296875000000e+00
-3.759765625000000000e-02 -1.049804687500000000e-01 1.012451171875000000e+00
-1.831054687500000000e-02 -5.859375000000000000e-03 1.012695312500000000e+00
-2.832031250000000000e-02 1.245117187500000000e-02 1.015869140625000000e+00
-2.099609375000000000e-02 3.662109375000000000e-02 1.023925781250000000e+00
-1.391601562500000000e-02 -3.393554687500000000e-02 9.846191406250000000e-01
-3.588867187500000000e-02 -5.859375000000000000e-02 1.008789062500000000e+00
-4.882812500000000000e-04 2.807617187500000000e-02 1.006591796875000000e+00
-6.347656250000000000e-03 3.906250000000000000e-02 1.001708984375000000e+00
-1.147460937500000000e-02 -5.981445312500000000e-02 1.004150390625000000e+00
-2.319335937500000000e-02 3.173828125000000000e-03 1.009277343750000000e+00
-2.465820312500000000e-02 -6.665039062500000000e-02 1.011474609375000000e+00
-4.321289062500000000e-02 -2.636718750000000000e-02 1.014892578125000000e+00
2.197265625000000000e-03 -1.196289062500000000e-02 1.004638671875000000e+00
-4.125976562500000000e-02 -6.176757812500000000e-02 1.006347656250000000e+00
-2.636718750000000000e-02 7.641601562500000000e-02 1.008056640625000000e+00
-1.708984375000000000e-02 -4.614257812500000000e-02 1.006835937500000000e+00
-4.248046875000000000e-02 -1.220703125000000000e-03 1.020751953125000000e+00
-3.906250000000000000e-03 1.147460937500000000e-02 1.002929687500000000e+00
-5.126953125000000000e-02 -8.789062500000000000e-02 1.008544921875000000e+00
1.538085937500000000e-02 3.613281250000000000e-02 1.002197265625000000e+00
-5.371093750000000000e-02 -4.882812500000000000e-03 1.028320312500000000e+00
2.929687500000000000e-02 -1.098632812500000000e-02 9.890136718750000000e-01
7.812500000000000000e-03 5.688476562500000000e-02 1.003662109375000000e+00
-2.978515625000000000e-02 -1.513671875000000000e-02 1.005615234375000000e+00
2.246093750000000000e-02 3.662109375000000000e-02 9.931640625000000000e-01
-1.904296875000000000e-02 -4.638671875000000000e-03 9.960937500000000000e-01
-3.125000000000000000e-02 3.784179687500000000e-02 1.017822265625000000e+00
-4.394531250000000000e-02 -2.221679687500000000e-02 1.008056640625000000e+00
1.953125000000000000e-02 4.443359375000000000e-02 9.948730468750000000e-01
-4.174804687500000000e-02 3.149414062500000000e-02 1.020751953125000000e+00
-1.049804687500000000e-02 -1.464843750000000000e-02 1.001220703125000000e+00
8.544921875000000000e-03 7.495117187500000000e-02 1.010009765625000000e+00
-3.417968750000000000e-02 -2.099609375000000000e-02 1.019287109375000000e+00
-5.810546875000000000e-02 9.521484375000000000e-03 1.016601562500000000e+00
5.053710937500000000e-02 7.324218750000000000e-04 9.838867187500000000e-01
-2.294921875000000000e-02 1.049804687500000000e-02 1.006591796875000000e+00
-4.882812500000000000e-03 -3.662109375000000000e-02 9.960937500000000000e-01
-1.831054687500000000e-02 2.319335937500000000e-02 1.011962890625000000e+00
-5.615234375000000000e-03 5.419921875000000000e-02 1.015136718750000000e+00
-1.782226562500000000e-02 -6.738281250000000000e-02 1.014404296875000000e+00
1.831054687500000000e-02 9.765625000000000000e-02 1.005615234375000000e+00
-7.690429687500000000e-02 7.080078125000000000e-02 1.018310546875000000e+00
-1.123046875000000000e-02 1.171875000000000000e-02 1.004882812500000000e+00
1.196289062500000000e-02 -3.930664062500000000e-02 9.987792968750000000e-01
-3.271484375000000000e-02 6.689453125000000000e-02 1.003906250000000000e+00
-3.588867187500000000e-02 -1.245117187500000000e-02 1.021972656250000000e+00
-1.708984375000000000e-02 3.222656250000000000e-02 1.008789062500000000e+00
1.000976562500000000e-02 5.957031250000000000e-02 1.000488281250000000e+00
-2.221679687500000000e-02 6.152343750000000000e-02 1.018066406250000000e+00
-9.765625000000000000e-03 3.833007812500000000e-02 9.921875000000000000e-01
1.025390625000000000e-02 2.587890625000000000e-02 9.995117187500000000e-01
-3.149414062500000000e-02 1.538085937500000000e-02 1.020507812500000000e+00
-1.220703125000000000e-02 5.957031250000000000e-02 1.014892578125000000e+00
-6.347656250000000000e-03 9.399414062500000000e-02 1.003173828125000000e+00
-2.905273437500000000e-02 3.637695312500000000e-02 1.007812500000000000e+00
9.033203125000000000e-03 2.246093750000000000e-02 9.951171875000000000e-01
2.441406250000000000e-04 6.298828125000000000e-02 1.009277343750000000e+00
1.220703125000000000e-02 8.959960937500000000e-02 1.004638671875000000e+00
-1.000976562500000000e-02 5.273437500000000000e-02 1.019042968750000000e+00
-3.417968750000000000e-03 1.147460937500000000e-02 9.851074218750000000e-01
-4.638671875000000000e-03 6.445312500000000000e-02 1.003173828125000000e+00
-1.342773437500000000e-02 6.250000000000000000e-02 1.012695312500000000e+00
-1.904296875000000000e-02 3.002929687500000000e-02 1.019042968750000000e+00
7.568359375000000000e-03 4.760742187500000000e-02 1.004150390625000000e+00
-3.149414062500000000e-02 3.198242187500000000e-02 1.007812500000000000e+00
1.538085937500000000e-02 9.375000000000000000e-02 1.008056640625000000e+00
-2.319335937500000000e-02 3.906250000000000000e-03 1.006103515625000000e+00
-2.172851562500000000e-02 8.276367187500000000e-02 1.046142578125000000e+00
-1.806640625000000000e-02 1.674804687500000000e-01 1.038574218750000000e+00
-8.911132812500000000e-02 2.929687500000000000e-02 1.019531250000000000e+00
9.277343750000000000e-03 -9.594726562500000000e-02 9.941406250000000000e-01
3.833007812500000000e-02 -3.540039062500000000e-02 1.007324218750000000e+00
-8.081054687500000000e-02 1.008300781250000000e-01 1.035400390625000000e+00
4.492187500000000000e-02 1.772460937500000000e-01 1.015625000000000000e+00
-4.858398437500000000e-02 1.047363281250000000e-01 1.008544921875000000e+00
-4.248046875000000000e-02 1.635742187500000000e-01 1.028564453125000000e+00
-6.469726562500000000e-02 6.884765625000000000e-02 1.016113281250000000e+00
-2.392578125000000000e-02 -5.566406250000000000e-02 9.982910156250000000e-01
-2.441406250000000000e-03 -5.224609375000000000e-02 9.685058593750000000e-01
-3.173828125000000000e-02 2.646484375000000000e-01 1.022460937500000000e+00
-9.155273437500000000e-02 5.297851562500000000e-02 1.024902343750000000e+00
-2.612304687500000000e-02 -9.228515625000000000e-02 1.000244140625000000e+00
-2.075195312500000000e-02 -5.981445312500000000e-02 9.860839843750000000e-01
-5.737304687500000000e-02 2.343750000000000000e-02 1.011718750000000000e+00
-6.762695312500000000e-02 -4.858398437500000000e-02 9.938964843750000000e-01
-5.932617187500000000e-02 -1.538085937500000000e-02 1.012939453125000000e+00
-7.739257812500000000e-02 4.882812500000000000e-02 1.010498046875000000e+00
-5.249023437500000000e-02 1.101074218750000000e-01 1.013183593750000000e+00
-3.344726562500000000e-02 -4.638671875000000000e-03 9.870605468750000000e-01
-6.372070312500000000e-02 6.713867187500000000e-02 1.010498046875000000e+00
-3.076171875000000000e-02 -1.159667968750000000e-01 1.033447265625000000e+00
-1.044921875000000000e-01 -7.788085937500000000e-02 1.012695312500000000e+00
1.074218750000000000e-02 2.668457031250000000e-01 1.003417968750000000e+00
-2.099609375000000000e-02 2.163085937500000000e-01 9.995117187500000000e-01
-9.277343750000000000e-02 6.591796875000000000e-03 9.904785156250000000e-01
-1.164550781250000000e-01 -2.734375000000000000e-01 9.951171875000000000e-01
-1.135253906250000000e-01 -2.189941406250000000e-01 1.003417968750000000e+00
-1.701660156250000000e-01 -6.835937500000000000e-02 1.046386718750000000e+00
-2.539062500000000000e-02 9.985351562500000000e-02 1.014404296875000000e+00
-1.000976562500000000e-02 9.643554687500000000e-02 9.851074218750000000e-01
-3.320312500000000000e-02 1.105957031250000000e-01 9.680175781250000000e-01
-6.909179687500000000e-02 -8.544921875000000000e-03 1.007568359375000000e+00
-9.252929687500000000e-02 1.057128906250000000e-01 9.814453125000000000e-01
-5.102539062500000000e-02 -1.733398437500000000e-02 9.980468750000000000e-01
-4.589843750000000000e-02 1.057128906250000000e-01 1.001464843750000000e+00
-7.617187500000000000e-02 8.618164062500000000e-02 9.633789062500000000e-01
-1.062011718750000000e-01 7.543945312500000000e-02 9.987792968750000000e-01
-1.835937500000000000e-01 6.127929687500000000e-02 9.970703125000000000e-01
-7.690429687500000000e-02 2.197265625000000000e-02 1.011718750000000000e+00
-7.617187500000000000e-02 -1.538085937500000000e-02 1.013427734375000000e+00
-1.044921875000000000e-01 -1.806640625000000000e-02 1.040527343750000000e+00
-1.259765625000000000e-01 -1.259765625000000000e-01 1.039794921875000000e+00
3.173828125000000000e-02 3.735351562500000000e-02 1.011718750000000000e+00
-1.660156250000000000e-02 3.076171875000000000e-02 9.531250000000000000e-01
8.959960937500000000e-02 4.223632812500000000e-02 9.523925781250000000e-01
-5.761718750000000000e-02 -1.633300781250000000e-01 9.428710937500000000e-01
-1.259765625000000000e-01 -8.178710937500000000e-02 1.003906250000000000e+00
1.472167968750000000e-01 7.031250000000000000e-02 9.636230468750000000e-01
-1.208496093750000000e-01 -1.545410156250000000e-01 1.032470703125000000e+00
-1.574707031250000000e-01 -1.127929687500000000e-01 1.087890625000000000e+00
-5.908203125000000000e-02 3.735351562500000000e-02 1.070800781250000000e+00
-8.398437500000000000e-02 -1.276855468750000000e-01 9.924316406250000000e-01
-3.271484375000000000e-02 1.660156250000000000e-02 1.007324218750000000e+00
-5.883789062500000000e-02 -7.910156250000000000e-02 1.005615234375000000e+00
-3.540039062500000000e-02 4.980468750000000000e-02 9.748535156250000000e-01
4.638671875000000000e-03 2.709960937500000000e-02 1.009277343750000000e+00
-1.281738281250000000e-01 -1.088867187500000000e-01 1.072265625000000000e+00
-2.685546875000000000e-02 -2.954101562500000000e-02 9.638671875000000000e-01
-4.077148437500000000e-02 -5.126953125000000000e-02 9.980468750000000000e-01
-3.100585937500000000e-02 -3.930664062500000000e-02 9.956054687500000000e-01
-6.127929687500000000e-02 9.277343750000000000e-03 9.943847656250000000e-01
-1.025390625000000000e-02 -1.115722656250000000e-01 9.772949218750000000e-01
7.348632812500000000e-02 -7.104492187500000000e-02 9.721679687500000000e-01
1.147460937500000000e-02 -9.765625000000000000e-02 9.741210937500000000e-01
5.615234375000000000e-02 -1.694335937500000000e-01 9.597167968750000000e-01
-9.252929687500000000e-02 -1.455078125000000000e-01 1.004150390625000000e+00
-1.127929687500000000e-01 2.929687500000000000e-03 1.032958984375000000e+00
-6.005859375000000000e-02 -8.251953125000000000e-02 1.026611328125000000e+00
-3.613281250000000000e-02 -1.340332031250000000e-01 1.019775390625000000e+00
-4.687500000000000000e-02 -9.716796875000000000e-02 1.018798828125000000e+00
-1.489257812500000000e-02 -8.056640625000000000e-02 1.011474609375000000e+00
-2.685546875000000000e-02 -7.885742187500000000e-02 9.985351562500000000e-01
-4.223632812500000000e-02 -2.075195312500000000e-02 9.987792968750000000e-01
-2.026367187500000000e-02 -1.110839843750000000e-01 1.018554687500000000e+00
-6.665039062500000000e-02 -1.337890625000000000e-01 1.029296875000000000e+00
-1.806640625000000000e-02 -1.401367187500000000e-01 1.013427734375000000e+00
-4.638671875000000000e-03 -7.373046875000000000e-02 1.008056640625000000e+00
-1.000976562500000000e-02 -1.572265625000000000e-01 9.960937500000000000e-01
-6.567382812500000000e-02 -1.467285156250000000e-01 1.005371093750000000e+00
-5.371093750000000000e-02 -3.881835937500000000e-02 1.014160156250000000e+00
-2.612304687500000000e-02 -1.384277343750000000e-01 1.012939453125000000e+00
-6.884765625000000000e-02 -2.004394531250000000e-01 1.025146484375000000e+00
-1.437988281250000000e-01 -1.169433593750000000e-01 1.085449218750000000e+00
-1.584472656250000000e-01 -2.465820312500000000e-02 1.064208984375000000e+00
-8.935546875000000000e-02 -9.814453125000000000e-02 1.042724609375000000e+00
-2.954101562500000000e-02 -1.650390625000000000e-01 1.025634765625000000e+00
-2.099609375000000000e-02 -1.542968750000000000e-01 1.006591796875000000e+00
-7.812500000000000000e-02 -5.126953125000000000e-02 1.062011718750000000e+00
-1.413574218750000000e-01 -5.859375000000000000e-03 1.023193359375000000e+00
-2.929687500000000000e-02 -2.502441406250000000e-01 9.948730468750000000e-01
-7.397460937500000000e-02 -2.260742187500000000e-01 1.004882812500000000e+00
-4.711914062500000000e-02 -1.125488281250000000e-01 9.323730468750000000e-01
-3.906250000000000000e-03 -1.860351562500000000e-01 9.484863281250000000e-01
-9.570312500000000000e-02 1.147460937500000000e-01 9.816894531250000000e-01
2.172851562500000000e-02 -5.322265625000000000e-02 9.636230468750000000e-01
-1.257324218750000000e-01 1.650390625000000000e-01 1.010986328125000000e+00
-9.692382812500000000e-02 2.980957031250000000e-01 9.782714843750000000e-01
-1.469726562500000000e-01 9.667968750000000000e-02 1.023925781250000000e+00
-6.616210937500000000e-02 7.446289062500000000e-02 9.399414062500000000e-01
3.686523437500000000e-02 -6.054687500000000000e-02 9.609375000000000000e-01
-1.582031250000000000e-01 -2.170410156250000000e-01 1.033203125000000000e+00
-4.589843750000000000e-02 -1.083984375000000000e-01 9.636230468750000000e-01
-1.599121093750000000e-01 -2.612304687500000000e-02 1.001220703125000000e+00
-2.143554687500000000e-01 3.881835937500000000e-02 1.011718750000000000e+00
-1.479492187500000000e-01 -1.838378906250000000e-01 1.003662109375000000e+00
-1.096191406250000000e-01 -1.203613281250000000e-01 1.014160156250000000e+00
-1.108398437500000000e-01 1.474609375000000000e-01 1.005615234375000000e+00
-1.994628906250000000e-01 8.422851562500000000e-02 9.938964843750000000e-01
-2.260742187500000000e-01 2.521972656250000000e-01 1.034423828125000000e+00
-1.911621093750000000e-01 -2.636718750000000000e-02 9.533691406250000000e-01
-2.954101562500000000e-02 -1.647949218750000000e-01 1.006103515625000000e+00
-9.423828125000000000e-02 -4.780273437500000000e-01 1.026367187500000000e+00
-1.838378906250000000e-01 1.130371093750000000e-01 9.855957031250000000e-01
-8.178710937500000000e-02 1.867675781250000000e-01 9.733886718750000000e-01
-2.192382812500000000e-01 2.587890625000000000e-01 1.006347656250000000e+00
-1.704101562500000000e-01 -4.604492187500000000e-01 1.027343750000000000e+00
-3.662109375000000000e-02 1.791992187500000000e-01 9.562988281250000000e-01
-1.442871093750000000e-01 -1.582031250000000000e-01 1.007568359375000000e+00
-2.182617187500000000e-01 -4.707031250000000000e-01 1.017089843750000000e+00
-4.418945312500000000e-02 6.103515625000000000e-02 1.000732421875000000e+00
-1.838378906250000000e-01 2.758789062500000000e-02 9.904785156250000000e-01
-1.616210937500000000e-01 2.897949218750000000e-01 1.020507812500000000e+00
-1.262207031250000000e-01 -2.661132812500000000e-01 9.924316406250000000e-01
-1.013183593750000000e-01 -5.517578125000000000e-02 1.038574218750000000e+00
-2.036132812500000000e-01 -2.832031250000000000e-02 1.044433593750000000e+00
-7.373046875000000000e-02 1.984863281250000000e-01 9.729003906250000000e-01
-1.452636718750000000e-01 1.040039062500000000e-01 1.010253906250000000e+00
-9.765625000000000000e-02 2.055664062500000000e-01 1.038818359375000000e+00
-2.019042968750000000e-01 -6.274414062500000000e-02 9.875488281250000000e-01
-3.515625000000000000e-02 -1.782226562500000000e-02 1.007568359375000000e+00
-5.981445312500000000e-02 2.863769531250000000e-01 9.763183593750000000e-01
-1.774902343750000000e-01 9.838867187500000000e-02 1.022216796875000000e+00
-1.457519531250000000e-01 2.275390625000000000e-01 1.009277343750000000e+00
-6.494140625000000000e-02 -6.103515625000000000e-03 9.680175781250000000e-01
2.636718750000000000e-02 2.919921875000000000e-01 9.885253906250000000e-01
-1.086425781250000000e-01 -1.840820312500000000e-01 1.048828125000000000e+00
-2.294921875000000000e-02 9.790039062500000000e-02 9.602050781250000000e-01
-7.080078125000000000e-03 1.909179687500000000e-01 9.528808593750000000e-01
-4.638671875000000000e-02 -4.687500000000000000e-02 9.265136718750000000e-01
8.447265625000000000e-02 -6.689453125000000000e-02 9.375000000000000000e-01
5.566406250000000000e-02 9.570312500000000000e-02 9.150390625000000000e-01
-1.423339843750000000e-01 2.006835937500000000e-01 1.080810546875000000e+00
-2.521972656250000000e-01 5.761718750000000000e-02 1.019775390625000000e+00
-6.176757812500000000e-02 -2.514648437500000000e-02 1.020263671875000000e+00
-1.145019531250000000e-01 7.031250000000000000e-02 1.041259765625000000e+00
-1.389160156250000000e-01 1.770019531250000000e-01 1.061767578125000000e+00
-7.812500000000000000e-02 4.565429687500000000e-02 1.049316406250000000e+00
2.807617187500000000e-02 1.691894531250000000e-01 1.006347656250000000e+00
5.151367187500000000e-02 1.794433593750000000e-01 9.448242187500000000e-01
1.247558593750000000e-01 1.511230468750000000e-01 9.582519531250000000e-01
9.033203125000000000e-02 4.785156250000000000e-02 9.799804687500000000e-01
1.708984375000000000e-02 3.662109375000000000e-03 9.851074218750000000e-01
-1.391601562500000000e-02 1.623535156250000000e-01 1.026123046875000000e+00
-3.417968750000000000e-03 -5.517578125000000000e-02 9.995117187500000000e-01
-1.562500000000000000e-02 1.791992187500000000e-01 1.004394531250000000e+00
1.953125000000000000e-02 1.684570312500000000e-01 1.000732421875000000e+00
-3.393554687500000000e-02 3.417968750000000000e-02 9.899902343750000000e-01
9.521484375000000000e-03 1.645507812500000000e-01 1.003662109375000000e+00
2.856445312500000000e-02 8.129882812500000000e-02 9.890136718750000000e-01
-3.320312500000000000e-02 9.033203125000000000e-02 1.033447265625000000e+00
-1.269531250000000000e-02 6.250000000000000000e-02 9.836425781250000000e-01
2.465820312500000000e-02 9.887695312500000000e-02 9.980468750000000000e-01
-7.324218750000000000e-03 1.308593750000000000e-01 1.011230468750000000e+00
-1.293945312500000000e-02 1.804199218750000000e-01 9.865722656250000000e-01
4.272460937500000000e-02 1.433105468750000000e-01 1.004150390625000000e+00
-6.542968750000000000e-02 1.098632812500000000e-02 9.863281250000000000e-01
-3.076171875000000000e-02 1.318359375000000000e-01 1.021972656250000000e+00
-6.323242187500000000e-02 1.250000000000000000e-01 1.019531250000000000e+00
-7.592773437500000000e-02 7.495117187500000000e-02 1.023437500000000000e+00
-1.953125000000000000e-03 1.879882812500000000e-02 9.992675781250000000e-01
6.274414062500000000e-02 3.686523437500000000e-02 9.606933593750000000e-01
1.025390625000000000e-02 2.539062500000000000e-02 9.819335937500000000e-01
1.538085937500000000e-02 -1.025390625000000000e-02 9.392089843750000000e-01
5.712890625000000000e-02 1.635742187500000000e-02 9.885253906250000000e-01
2.026367187500000000e-02 5.444335937500000000e-02 9.555664062500000000e-01
6.811523437500000000e-02 1.486816406250000000e-01 9.604492187500000000e-01
5.004882812500000000e-02 6.079101562500000000e-02 9.750976562500000000e-01
5.810546875000000000e-02 -2.197265625000000000e-02 9.252929687500000000e-01
6.347656250000000000e-03 2.675781250000000000e-01 1.005371093750000000e+00
-1.479492187500000000e-01 1.430664062500000000e-01 1.010253906250000000e+00
-1.472167968750000000e-01 1.022949218750000000e-01 1.018066406250000000e+00
-7.690429687500000000e-02 4.223632812500000000e-02 1.041015625000000000e+00
1.733398437500000000e-02 2.241210937500000000e-01 9.960937500000000000e-01
-7.397460937500000000e-02 1.943359375000000000e-01 1.008056640625000000e+00
-1.384277343750000000e-01 5.004882812500000000e-02 1.044677734375000000e+00
-1.591796875000000000e-01 3.063964843750000000e-01 1.055175781250000000e+00
-2.558593750000000000e-01 1.542968750000000000e-01 1.073730468750000000e+00
-1.225585937500000000e-01 1.147460937500000000e-01 1.015380859375000000e+00
-5.249023437500000000e-02 -8.300781250000000000e-03 1.044433593750000000e+00
6.201171875000000000e-02 -1.472167968750000000e-01 9.665527343750000000e-01
3.076171875000000000e-02 -2.158203125000000000e-01 9.497070312500000000e-01
-4.077148437500000000e-02 9.985351562500000000e-02 9.748535156250000000e-01
-3.320312500000000000e-02 1.210937500000000000e-01 1.002441406250000000e+00
-6.298828125000000000e-02 1.152343750000000000e-01 1.004394531250000000e+00
-1.125488281250000000e-01 2.331542968750000000e-01 1.015625000000000000e+00
-1.303710937500000000e-01 1.035156250000000000e-01 1.017822265625000000e+00
-9.716796875000000000e-02 1.911621093750000000e-01 9.956054687500000000e-01
-1.799316406250000000e-01 -2.539062500000000000e-02 1.019042968750000000e+00
-1.582031250000000000e-01 -2.558593750000000000e-01 9.882812500000000000e-01
-1.496582031250000000e-01 4.614257812500000000e-02 1.034912109375000000e+00
-4.174804687500000000e-02 -6.518554687500000000e-02 9.650878906250000000e-01
-6.616210937500000000e-02 1.098632812500000000e-02 1.012207031250000000e+00
-1.215820312500000000e-01 8.569335937500000000e-02 9.943847656250000000e-01
-8.789062500000000000e-02 1.257324218750000000e-01 9.819335937500000000e-01
-6.762695312500000000e-02 -1.550292968750000000e-01 9.843750000000000000e-01
-1.723632812500000000e-01 -1.496582031250000000e-01 1.005126953125000000e+00
-1.525878906250000000e-01 2.268066406250000000e-01 1.017822265625000000e+00
-9.252929687500000000e-02 5.322265625000000000e-02 9.926757812500000000e-01
-6.396484375000000000e-02 1.391601562500000000e-02 1.002197265625000000e+00
-1.347656250000000000e-01 6.591796875000000000e-03 1.007324218750000000e+00
-1.145019531250000000e-01 -7.666015625000000000e-02 1.010253906250000000e+00
-1.198730468750000000e-01 -7.324218750000000000e-04 9.841308593750000000e-01
-1.037597656250000000e-01 -2.026367187500000000e-02 1.001953125000000000e+00
-9.326171875000000000e-02 1.760253906250000000e-01 9.990234375000000000e-01
-1.286621093750000000e-01 4.785156250000000000e-02 1.018798828125000000e+00
-6.420898437500000000e-02 -1.560058593750000000e-01 9.890136718750000000e-01
-1.325683593750000000e-01 -1.064453125000000000e-01 9.973144531250000000e-01
-3.198242187500000000e-02 -2.185058593750000000e-01 1.008300781250000000e+00
1.562500000000000000e-02 1.108398437500000000e-01 9.577636718750000000e-01
-1.101074218750000000e-01 -3.710937500000000000e-02 1.006591796875000000e+00
-2.612304687500000000e-02 -7.202148437500000000e-02 9.812011718750000000e-01
-9.252929687500000000e-02 -7.641601562500000000e-02 1.004150390625000000e+00
-2.124023437500000000e-02 1.489257812500000000e-02 1.004150390625000000e+00
1.513671875000000000e-02 -6.860351562500000000e-02 9.428710937500000000e-01
-2.685546875000000000e-03 -1.623535156250000000e-01 9.938964843750000000e-01
-1.708984375000000000e-03 -1.372070312500000000e-01 1.010986328125000000e+00
-5.395507812500000000e-02 -1.926269531250000000e-01 9.875488281250000000e-01
-1.635742187500000000e-02 -1.301269531250000000e-01 1.011962890625000000e+00
-4.223632812500000000e-02 -2.905273437500000000e-02 1.004882812500000000e+00
-3.735351562500000000e-02 -5.541992187500000000e-02 1.043945312500000000e+00
-6.982421875000000000e-02 -9.082031250000000000e-02 1.016601562500000000e+00
-4.589843750000000000e-02 1.611328125000000000e-02 1.008544921875000000e+00
-9.033203125000000000e-03 -7.763671875000000000e-02 9.824218750000000000e-01
4.882812500000000000e-03 -5.761718750000000000e-02 9.899902343750000000e-01
8.789062500000000000e-02 1.220703125000000000e-03 9.462890625000000000e-01
1.098632812500000000e-02 3.222656250000000000e-02 9.685058593750000000e-01
-1.538085937500000000e-02 -1.108398437500000000e-01 9.758300781250000000e-01
-1.127929687500000000e-01 -1.440429687500000000e-01 1.053222656250000000e+00
-1.535644531250000000e-01 -3.955078125000000000e-02 1.054199218750000000e+00
-3.125000000000000000e-02 -6.347656250000000000e-03 1.021240234375000000e+00
-5.102539062500000000e-02 -1.018066406250000000e-01 1.012451171875000000e+00
-1.953125000000000000e-02 -4.223632812500000000e-02 1.024169921875000000e+00
-1.513671875000000000e-02 -1.079101562500000000e-01 9.980468750000000000e-01
-6.225585937500000000e-02 -5.053710937500000000e-02 1.025878906250000000e+00
-1.098632812500000000e-02 -5.419921875000000000e-02 1.006835937500000000e+00
-2.929687500000000000e-02 -1.782226562500000000e-02 1.020507812500000000e+00
-2.050781250000000000e-02 -4.956054687500000000e-02 1.000732421875000000e+00
-9.521484375000000000e-03 -3.125000000000000000e-02 1.003173828125000000e+00
-1.489257812500000000e-02 -2.050781250000000000e-02 1.009765625000000000e+00
-1.367187500000000000e-02 -1.147460937500000000e-01 1.000976562500000000e+00
-5.371093750000000000e-02 -9.033203125000000000e-02 1.000244140625000000e+00
-9.277343750000000000e-03 -3.735351562500000000e-02 1.004882812500000000e+00
-3.271484375000000000e-02 -6.494140625000000000e-02 1.014892578125000000e+00
-3.710937500000000000e-02 -7.080078125000000000e-02 1.010253906250000000e+00
-3.955078125000000000e-02 -5.468750000000000000e-02 1.013916015625000000e+00
-7.324218750000000000e-04 -5.273437500000000000e-02 1.001953125000000000e+00
-4.980468750000000000e-02 -6.567382812500000000e-02 1.019287109375000000e+00
-5.932617187500000000e-02 -6.909179687500000000e-02 1.008300781250000000e+00
-2.001953125000000000e-02 -3.662109375000000000e-03 1.033447265625000000e+00
3.173828125000000000e-03 -2.783203125000000000e-02 9.797363281250000000e-01
1.513671875000000000e-02 -1.611328125000000000e-02 9.741210937500000000e-01
6.298828125000000000e-02 -2.563476562500000000e-02 9.914550781250000000e-01
-2.221679687500000000e-02 -8.032226562500000000e-02 1.008544921875000000e+00
-8.178710937500000000e-02 -2.954101562500000000e-02 1.007080078125000000e+00
-2.172851562500000000e-02 1.196289062500000000e-02 1.027099609375000000e+00
-1.000976562500000000e-02 -1.311035156250000000e-01 9.895019531250000000e-01
-1.228027343750000000e-01 -7.519531250000000000e-02 1.051513671875000000e+00
-7.958984375000000000e-02 -1.733398437500000000e-02 1.041992187500000000e+00
-5.004882812500000000e-02 3.784179687500000000e-02 1.006347656250000000e+00
-6.542968750000000000e-02 -1.323242187500000000e-01 1.051269531250000000e+00
-9.765625000000000000e-03 6.835937500000000000e-03 9.741210937500000000e-01
2.246093750000000000e-02 5.053710937500000000e-02 9.987792968750000000e-01
5.273437500000000000e-02 4.467773437500000000e-02 9.838867187500000000e-01
-7.324218750000000000e-04 2.124023437500000000e-02 1.000488281250000000e+00
-2.880859375000000000e-02 3.930664062500000000e-02 9.965820312500000000e-01
6.835937500000000000e-03 5.200195312500000000e-02 9.833984375000000000e-01
-1.147460937500000000e-02 2.441406250000000000e-02 1.025146484375000000e+00
-2.807617187500000000e-02 -9.375000000000000000e-02 1.006347656250000000e+00
-4.077148437500000000e-02 4.077148437500000000e-02 1.024169921875000000e+00
-5.908203125000000000e-02 -3.198242187500000000e-02 1.024414062500000000e+00
-4.199218750000000000e-02 -5.712890625000000000e-02 1.002685546875000000e+00
-4.858398437500000000e-02 -7.104492187500000000e-02 1.009765625000000000e+00
-8.203125000000000000e-02 -5.957031250000000000e-02 1.021240234375000000e+00
-3.759765625000000000e-02 7.324218750000000000e-04 1.025878906250000000e+00
-5.566406250000000000e-02 -2.392578125000000000e-02 9.982910156250000000e-01
-3.662109375000000000e-03 3.100585937500000000e-02 9.687500000000000000e-01
-3.710937500000000000e-02 4.272460937500000000e-02 9.982910156250000000e-01
1.220703125000000000e-03 1.032714843750000000e-01 9.677734375000000000e-01
-2.416992187500000000e-02 5.322265625000000000e-02 9.895019531250000000e-01
-4.394531250000000000e-02 8.398437500000000000e-02 9.921875000000000000e-01
2.490234375000000000e-02 6.054687500000000000e-02 9.882812500000000000e-01
-2.856445312500000000e-02 6.689453125000000000e-02 1.011230468750000000e+00
-9.521484375000000000e-03 9.277343750000000000e-03 9.973144531250000000e-01
-1.269531250000000000e-02 6.713867187500000000e-02 1.011718750000000000e+00
1.708984375000000000e-02 9.326171875000000000e-02 9.990234375000000000e-01
-4.833984375000000000e-02 -1.281738281250000000e-01 1.022705078125000000e+00
-4.565429687500000000e-02 -7.006835937500000000e-02 1.015625000000000000e+00
-4.394531250000000000e-02 -1.704101562500000000e-01 1.024414062500000000e+00
-3.491210937500000000e-02 -2.075195312500000000e-02 1.024658203125000000e+00
-7.983398437500000000e-02 -1.257324218750000000e-01 1.044189453125000000e+00
-3.247070312500000000e-02 -9.521484375000000000e-03 1.001953125000000000e+00
-1.904296875000000000e-02 8.544921875000000000e-02 1.013183593750000000e+00
-1.953125000000000000e-03 1.440429687500000000e-01 9.941406250000000000e-01
-3.662109375000000000e-03 1.403808593750000000e-01 9.819335937500000000e-01
-1.000976562500000000e-02 4.785156250000000000e-02 1.004638671875000000e+00
1.220703125000000000e-03 4.174804687500000000e-02 1.007812500000000000e+00
-1.440429687500000000e-02 8.789062500000000000e-02 1.028320312500000000e+00
-9.277343750000000000e-03 8.471679687500000000e-02 9.951171875000000000e-01
-2.490234375000000000e-02 4.028320312500000000e-02 1.014648437500000000e+00
-3.417968750000000000e-03 9.472656250000000000e-02 1.003173828125000000e+00
3.173828125000000000e-03 5.737304687500000000e-02 1.002441406250000000e+00
-1.635742187500000000e-02 1.660156250000000000e-02 1.028320312500000000e+00
-3.271484375000000000e-02 -9.643554687500000000e-02 1.006835937500000000e+00
-2.880859375000000000e-02 1.342773437500000000e-02 1.018798828125000000e+00
-2.465820312500000000e-02 -2.026367187500000000e-02 1.003906250000000000e+00
-3.344726562500000000e-02 1.025390625000000000e-02 9.982910156250000000e-01
-4.882812500000000000e-03 -1.318359375000000000e-02 1.010009765625000000e+00
-1.196289062500000000e-02 2.929687500000000000e-02 1.016113281250000000e+00
-1.391601562500000000e-02 1.684570312500000000e-02 1.002197265625000000e+00
-2.587890625000000000e-02 -1.806640625000000000e-02 1.007568359375000000e+00
-2.270507812500000000e-02 3.515625000000000000e-02 1.013427734375000000e+00
-1.904296875000000000e-02 -2.099609375000000000e-02 1.003417968750000000e+00
-2.172851562500000000e-02 2.807617187500000000e-02 1.008789062500000000e+00
-5.371093750000000000e-03 9.057617187500000000e-02 1.005126953125000000e+00
-2.490234375000000000e-02 2.807617187500000000e-02 1.006347656250000000e+00
-2.880859375000000000e-02 4.882812500000000000e-03 9.943847656250000000e-01
-5.371093750000000000e-03 -4.003906250000000000e-02 1.009033203125000000e+00
-2.734375000000000000e-02 1.027832031250000000e-01 1.025634765625000000e+00
-1.220703125000000000e-03 4.638671875000000000e-03 9.909667968750000000e-01
-2.172851562500000000e-02 -3.613281250000000000e-02 1.009765625000000000e+00
-2.124023437500000000e-02 -3.540039062500000000e-02 1.011230468750000000e+00
-3.784179687500000000e-02 -3.222656250000000000e-02 1.011230468750000000e+00
-1.977539062500000000e-02 -7.080078125000000000e-03 1.014892578125000000e+00
-1.342773437500000000e-02 1.635742187500000000e-02 1.002929687500000000e+00
-1.220703125000000000e-02 3.833007812500000000e-02 1.004638671875000000e+00
-1.464843750000000000e-02 1.855468750000000000e-02 1.007812500000000000e+00
-3.906250000000000000e-03 4.882812500000000000e-03 1.002441406250000000e+00
-3.027343750000000000e-02 2.246093750000000000e-02 1.025390625000000000e+00
-2.441406250000000000e-04 -2.441406250000000000e-04 9.931640625000000000e-01
-2.001953125000000000e-02 -7.080078125000000000e-03 1.001953125000000000e+00
-7.568359375000000000e-03 4.565429687500000000e-02 1.000732421875000000e+00
-1.464843750000000000e-03 3.491210937500000000e-02 1.008544921875000000e+00
-1.391601562500000000e-02 1.928710937500000000e-02 1.007812500000000000e+00
-4.882812500000000000e-04 1.342773437500000000e-02 1.013916015625000000e+00
-1.245117187500000000e-02 3.027343750000000000e-02 1.001464843750000000e+00
-1.245117187500000000e-02 2.270507812500000000e-02 1.010009765625000000e+00
-1.953125000000000000e-02 1.000976562500000000e-02 1.005371093750000000e+00
-3.662109375000000000e-03 2.929687500000000000e-02 1.010009765625000000e+00
-1.367187500000000000e-02 1.782226562500000000e-02 1.011230468750000000e+00
-1.171875000000000000e-02 1.123046875000000000e-02 1.005859375000000000e+00
-1.440429687500000000e-02 -1.953125000000000000e-03 1.010742187500000000e+00
-1.513671875000000000e-02 3.906250000000000000e-03 9.875488281250000000e-01
-2.050781250000000000e-02 6.103515625000000000e-03 1.003662109375000000e+00
-9.765625000000000000e-04 2.587890625000000000e-02 1.026123046875000000e+00
-1.171875000000000000e-02 1.220703125000000000e-02 9.953613281250000000e-01
-1.611328125000000000e-02 2.832031250000000000e-02 1.000244140625000000e+00
-1.367187500000000000e-02 1.245117187500000000e-02 1.001220703125000000e+00
-2.270507812500000000e-02 -9.765625000000000000e-04 1.000976562500000000e+00
-1.586914062500000000e-02 1.025390625000000000e-02 9.904785156250000000e-01
-1.660156250000000000e-02 1.489257812500000000e-02 1.000976562500000000e+00
-3.002929687500000000e-02 8.300781250000000000e-03 1.016113281250000000e+00
-2.929687500000000000e-03 2.856445312500000000e-02 1.013916015625000000e+00
-1.586914062500000000e-02 1.049804687500000000e-02 1.014648437500000000e+00
-2.441406250000000000e-03 4.150390625000000000e-03 1.011474609375000000e+00
-1.171875000000000000e-02 4.638671875000000000e-03 1.005371093750000000e+00
-1.147460937500000000e-02 6.103515625000000000e-03 1.005371093750000000e+00
-1.196289062500000000e-02 2.197265625000000000e-02 1.007324218750000000e+00
-1.440429687500000000e-02 1.538085937500000000e-02 1.010498046875000000e+00
-1.562500000000000000e-02 1.269531250000000000e-02 1.007080078125000000e+00
-3.076171875000000000e-02 4.882812500000000000e-04 1.009765625000000000e+00
-1.782226562500000000e-02 4.150390625000000000e-03 9.877929687500000000e-01
-3.027343750000000000e-02 1.318359375000000000e-02 9.968261718750000000e-01
-6.347656250000000000e-03 5.859375000000000000e-03 1.028076171875000000e+00
-1.025390625000000000e-02 1.000976562500000000e-02 9.890136718750000000e-01
-1.635742187500000000e-02 1.025390625000000000e-02 1.009277343750000000e+00
-1.782226562500000000e-02 1.489257812500000000e-02 1.007812500000000000e+00
-1.391601562500000000e-02 6.103515625000000000e-03 1.008056640625000000e+00
-1.489257812500000000e-02 6.103515625000000000e-03 1.010009765625000000e+00
-3.125000000000000000e-02 4.882812500000000000e-03 1.001953125000000000e+00
-1.879882812500000000e-02 1.000976562500000000e-02 1.009765625000000000e+00
-1.464843750000000000e-02 1.953125000000000000e-03 9.980468750000000000e-01
-1.904296875000000000e-02 3.173828125000000000e-03 1.006591796875000000e+00
-1.440429687500000000e-02 3.662109375000000000e-03 1.013916015625000000e+00
-1.831054687500000000e-02 -2.441406250000000000e-04 1.015136718750000000e+00
-3.002929687500000000e-02 1.049804687500000000e-02 1.004882812500000000e+00
-1.464843750000000000e-02 8.300781250000000000e-03 9.936523437500000000e-01
-1.782226562500000000e-02 5.371093750000000000e-03 1.010009765625000000e+00
-2.099609375000000000e-02 1.953125000000000000e-03 1.005859375000000000e+00
-2.148437500000000000e-02 4.882812500000000000e-03 1.008544921875000000e+00
-3.173828125000000000e-03 7.324218750000000000e-03 9.990234375000000000e-01
-1.660156250000000000e-02 1.342773437500000000e-02 1.002441406250000000e+00
-2.294921875000000000e-02 8.056640625000000000e-03 1.006347656250000000e+00
-1.806640625000000000e-02 5.859375000000000000e-03 1.004882812500000000e+00
-1.416015625000000000e-02 4.394531250000000000e-03 1.006347656250000000e+00
-1.538085937500000000e-02 4.638671875000000000e-03 1.011474609375000000e+00
-9.765625000000000000e-04 4.394531250000000000e-03 1.003906250000000000e+00
-1.879882812500000000e-02 5.371093750000000000e-03 1.002685546875000000e+00
-1.367187500000000000e-02 5.371093750000000000e-03 1.008789062500000000e+00
-1.708984375000000000e-02 4.394531250000000000e-03 1.006347656250000000e+00
-1.098632812500000000e-02 1.074218750000000000e-02 1.013916015625000000e+00
-1.464843750000000000e-02 5.615234375000000000e-03 9.990234375000000000e-01
-1.757812500000000000e-02 8.056640625000000000e-03 1.010986328125000000e+00
-1.025390625000000000e-02 -1.220703125000000000e-03 1.013916015625000000e+00
-1.879882812500000000e-02 1.293945312500000000e-02 9.995117187500000000e-01
-1.464843750000000000e-02 7.080078125000000000e-03 1.006835937500000000e+00
-1.635742187500000000e-02 8.789062500000000000e-03 1.002929687500000000e+00
-1.928710937500000000e-02 4.638671875000000000e-03 1.006347656250000000e+00
-1.196289062500000000e-02 1.391601562500000000e-02 1.005371093750000000e+00
-2.270507812500000000e-02 1.416015625000000000e-02 1.008789062500000000e+00
-1.708984375000000000e-02 2.929687500000000000e-03 1.006591796875000000e+00
-1.586914062500000000e-02 1.220703125000000000e-03 1.018554687500000000e+00
-1.342773437500000000e-02 -7.324218750000000000e-04 1.004882812500000000e+00
-1.464843750000000000e-02 1.708984375000000000e-02 1.004638671875000000e+00
-9.765625000000000000e-04 4.394531250000000000e-03 1.002685546875000000e+00
-1.513671875000000000e-02 1.171875000000000000e-02 1.005615234375000000e+00
-3.051757812500000000e-02 5.615234375000000000e-03 1.004150390625000000e+00
-7.080078125000000000e-03 1.245117187500000000e-02 1.007812500000000000e+00
-1.367187500000000000e-02 2.441406250000000000e-03 1.002197265625000000e+00
-9.765625000000000000e-04 1.171875000000000000e-02 1.001220703125000000e+00
-3.002929687500000000e-02 6.835937500000000000e-03 1.000488281250000000e+00
-1.513671875000000000e-02 3.906250000000000000e-03 1.004882812500000000e+00
-1.440429687500000000e-02 4.638671875000000000e-03 1.010498046875000000e+00
-1.708984375000000000e-02 7.812500000000000000e-03 1.004394531250000000e+00
-1.171875000000000000e-02 6.591796875000000000e-03 1.017089843750000000e+00
-1.416015625000000000e-02 8.544921875000000000e-03 1.012695312500000000e+00
-1.660156250000000000e-02 7.568359375000000000e-03 1.001708984375000000e+00
