1.000000000000000000e+00 0.000000000000000000e+00 0.000000000000000000e+00 0.000000000000000000e+00 0.000000000000000000e+00 0.000000000000000000e+00 0.000000000000000000e+00
2.000000000000000000e+00 -8.793261880305342643e-03 -3.304134767145038010e-02 2.664624812213740521e-02 -8.300781250000000000e-03 -3.271484375000000000e-02 1.009033203125000000e+00
3.000000000000000000e+00 -8.526799399083968833e-03 3.064318534045801408e-03 -1.865237368549618182e-03 -8.544921875000000000e-03 -1.708984375000000000e-02 1.009033203125000000e+00
4.000000000000000000e+00 -8.793261880305342643e-03 2.664624812213740694e-03 -2.131699849770992208e-03 -7.812500000000000000e-03 -3.027343750000000000e-02 1.017822265625000000e+00
5.000000000000000000e+00 -8.393568158473283664e-03 2.664624812213740694e-03 -2.131699849770992208e-03 -1.220703125000000000e-03 -3.808593750000000000e-02 1.020263671875000000e+00
6.000000000000000000e+00 -8.660030639694655738e-03 3.330781015267175651e-03 -2.398162330992366451e-03 -1.416015625000000000e-02 -2.954101562500000000e-02 1.019042968750000000e+00
7.000000000000000000e+00 -8.660030639694655738e-03 3.064318534045801408e-03 -2.398162330992366451e-03 -7.324218750000000000e-03 -2.465820312500000000e-02 1.013427734375000000e+00
8.000000000000000000e+00 -8.526799399083968833e-03 2.931087293435114503e-03 -2.398162330992366451e-03 -8.789062500000000000e-03 -3.491210937500000000e-02 1.018310546875000000e+00
9.000000000000000000e+00 -8.660030639694655738e-03 2.797856052824427165e-03 -2.398162330992366451e-03 -1.098632812500000000e-02 -4.663085937500000000e-02 1.024902343750000000e+00
1.000000000000000000e+01 -8.393568158473283664e-03 2.664624812213740694e-03 -2.264931090381679113e-03 -4.882812500000000000e-04 -3.393554687500000000e-02 1.014160156250000000e+00
1.100000000000000000e+01 -8.393568158473283664e-03 2.531393571603053356e-03 -2.531393571603053356e-03 -1.074218750000000000e-02 -3.417968750000000000e-02 1.021728515625000000e+00
1.200000000000000000e+01 -8.660030639694655738e-03 2.398162330992366451e-03 -2.531393571603053356e-03 -7.812500000000000000e-03 -2.856445312500000000e-02 1.020263671875000000e+00
1.300000000000000000e+01 -8.793261880305342643e-03 2.398162330992366451e-03 -2.664624812213740694e-03 -6.347656250000000000e-03 -4.272460937500000000e-02 1.015625000000000000e+00
1.400000000000000000e+01 -8.526799399083968833e-03 2.531393571603053356e-03 -3.064318534045801408e-03 -9.521484375000000000e-03 -3.271484375000000000e-02 1.019042968750000000e+00
1.500000000000000000e+01 -8.526799399083968833e-03 2.398162330992366451e-03 -3.064318534045801408e-03 -1.025390625000000000e-02 -3.735351562500000000e-02 1.020019531250000000e+00
1.600000000000000000e+01 -8.393568158473283664e-03 2.664624812213740694e-03 -3.064318534045801408e-03 -7.568359375000000000e-03 -3.222656250000000000e-02 1.014160156250000000e+00
1.700000000000000000e+01 -8.260336917862595024e-03 2.664624812213740694e-03 -3.464012255877862555e-03 -4.882812500000000000e-03 -3.833007812500000000e-02 1.015869140625000000e+00
1.800000000000000000e+01 -8.526799399083968833e-03 2.664624812213740694e-03 -3.863705977709923703e-03 -9.277343750000000000e-03 -3.466796875000000000e-02 1.019531250000000000e+00
1.900000000000000000e+01 -8.260336917862595024e-03 2.797856052824427165e-03 -4.263399699541984417e-03 -9.033203125000000000e-03 -3.881835937500000000e-02 1.029785156250000000e+00
2.000000000000000000e+01 -8.660030639694655738e-03 3.064318534045801408e-03 -4.396630940152671321e-03 -8.300781250000000000e-03 -3.906250000000000000e-02 1.019531250000000000e+00
2.100000000000000000e+01 -8.260336917862595024e-03 2.531393571603053356e-03 -4.929555902595420674e-03 -8.056640625000000000e-03 -5.200195312500000000e-02 1.030029296875000000e+00
2.200000000000000000e+01 -8.260336917862595024e-03 2.797856052824427165e-03 -5.728943346259542102e-03 -1.220703125000000000e-02 -3.735351562500000000e-02 1.022460937500000000e+00
2.300000000000000000e+01 -8.260336917862595024e-03 3.064318534045801408e-03 -5.862174586870229007e-03 -1.318359375000000000e-02 -4.370117187500000000e-02 1.023437500000000000e+00
2.400000000000000000e+01 -8.260336917862595024e-03 2.797856052824427165e-03 -6.794793271145038206e-03 -9.033203125000000000e-03 -3.662109375000000000e-02 1.030761718750000000e+00
2.500000000000000000e+01 -8.260336917862595024e-03 3.064318534045801408e-03 -7.327718233587785825e-03 -1.464843750000000000e-02 -3.906250000000000000e-02 1.018310546875000000e+00
2.600000000000000000e+01 -7.993874436641221215e-03 2.797856052824427165e-03 -8.127105677251908120e-03 -1.196289062500000000e-02 -4.541015625000000000e-02 1.014404296875000000e+00
2.700000000000000000e+01 -7.860643196030534310e-03 2.531393571603053356e-03 -8.526799399083968833e-03 -1.220703125000000000e-02 -4.296875000000000000e-02 1.022705078125000000e+00
2.800000000000000000e+01 -7.860643196030534310e-03 3.064318534045801408e-03 -8.926493120916029547e-03 -4.882812500000000000e-04 -4.565429687500000000e-02 1.021484375000000000e+00
2.900000000000000000e+01 -8.260336917862595024e-03 2.531393571603053356e-03 -8.926493120916029547e-03 -1.025390625000000000e-02 -2.783203125000000000e-02 1.027099609375000000e+00
3.000000000000000000e+01 -7.594180714809160501e-03 2.931087293435114503e-03 -1.039203676763358723e-02 -7.324218750000000000e-03 -4.467773437500000000e-02 1.003662109375000000e+00
3.100000000000000000e+01 -7.727411955419847406e-03 3.064318534045801408e-03 -1.092496173007633659e-02 -9.521484375000000000e-03 -4.077148437500000000e-02 1.018310546875000000e+00
3.200000000000000000e+01 -7.594180714809160501e-03 2.797856052824427165e-03 -1.159111793312977111e-02 -6.835937500000000000e-03 -5.053710937500000000e-02 1.013183593750000000e+00
3.300000000000000000e+01 -7.860643196030534310e-03 2.398162330992366451e-03 -1.185758041435114492e-02 -3.906250000000000000e-03 -4.296875000000000000e-02 1.024658203125000000e+00
3.400000000000000000e+01 -7.460949474198472729e-03 2.531393571603053356e-03 -1.292343033923664189e-02 -9.521484375000000000e-03 -3.955078125000000000e-02 1.023681640625000000e+00
3.500000000000000000e+01 -7.860643196030534310e-03 2.931087293435114503e-03 -1.252373661740457944e-02 -7.812500000000000000e-03 -1.831054687500000000e-02 1.005859375000000000e+00
3.600000000000000000e+01 -7.594180714809160501e-03 3.197549774656488746e-03 -1.279019909862595498e-02 -1.171875000000000000e-02 -4.882812500000000000e-02 1.018066406250000000e+00
3.700000000000000000e+01 -7.993874436641221215e-03 3.330781015267175651e-03 -1.265696785801526635e-02 -1.269531250000000000e-02 -2.514648437500000000e-02 1.019042968750000000e+00
3.800000000000000000e+01 -7.860643196030534310e-03 3.330781015267175651e-03 -1.252373661740457944e-02 -8.300781250000000000e-03 -1.611328125000000000e-02 1.021972656250000000e+00
3.900000000000000000e+01 -7.594180714809160501e-03 3.064318534045801408e-03 -1.332312406106870260e-02 -3.662109375000000000e-03 -3.173828125000000000e-02 1.022216796875000000e+00
4.000000000000000000e+01 -7.993874436641221215e-03 2.931087293435114503e-03 -1.385604902351145022e-02 -8.544921875000000000e-03 -4.809570312500000000e-02 1.019042968750000000e+00
4.100000000000000000e+01 -7.727411955419847406e-03 3.064318534045801408e-03 -1.452220522656488648e-02 -1.293945312500000000e-02 -4.589843750000000000e-02 1.016113281250000000e+00
4.200000000000000000e+01 -7.327718233587785825e-03 3.064318534045801408e-03 -1.518836142961832100e-02 -7.812500000000000000e-03 -3.906250000000000000e-02 1.011962890625000000e+00
4.300000000000000000e+01 -7.460949474198472729e-03 2.531393571603053356e-03 -1.678713631694656733e-02 -6.347656250000000000e-03 -4.931640625000000000e-02 1.018066406250000000e+00
4.400000000000000000e+01 -7.460949474198472729e-03 2.797856052824427165e-03 -1.718683003877862631e-02 -9.033203125000000000e-03 -3.759765625000000000e-02 1.030517578125000000e+00
4.500000000000000000e+01 -7.061255752366412015e-03 2.931087293435114503e-03 -1.931852988854961678e-02 -5.371093750000000000e-03 -6.250000000000000000e-02 1.030761718750000000e+00
4.600000000000000000e+01 -7.194486992977099787e-03 2.664624812213740694e-03 -2.025114857282442685e-02 -5.615234375000000000e-03 -6.079101562500000000e-02 1.019775390625000000e+00
4.700000000000000000e+01 -7.061255752366412015e-03 3.464012255877862555e-03 -2.038437981343511549e-02 -3.906250000000000000e-03 -5.200195312500000000e-02 1.017333984375000000e+00
4.800000000000000000e+01 -7.460949474198472729e-03 3.064318534045801408e-03 -2.078407353526717447e-02 -1.464843750000000000e-02 -2.636718750000000000e-02 1.030761718750000000e+00
4.900000000000000000e+01 -7.327718233587785825e-03 3.330781015267175651e-03 -2.105053601648854827e-02 -7.080078125000000000e-03 -2.490234375000000000e-02 1.024658203125000000e+00
5.000000000000000000e+01 -7.327718233587785825e-03 3.197549774656488746e-03 -2.051761105404580066e-02 -1.245117187500000000e-02 -1.635742187500000000e-02 1.019531250000000000e+00
5.100000000000000000e+01 -7.194486992977099787e-03 2.931087293435114503e-03 -2.025114857282442685e-02 -8.789062500000000000e-03 -2.734375000000000000e-02 1.025390625000000000e+00
5.200000000000000000e+01 -7.061255752366412015e-03 3.197549774656488746e-03 -2.025114857282442685e-02 -1.220703125000000000e-02 -2.563476562500000000e-02 1.018554687500000000e+00
5.300000000000000000e+01 -6.794793271145038206e-03 3.197549774656488746e-03 -2.211638594137404351e-02 -1.074218750000000000e-02 -7.055664062500000000e-02 1.027832031250000000e+00
5.400000000000000000e+01 -7.061255752366412015e-03 3.197549774656488746e-03 -2.118376725709923691e-02 -1.538085937500000000e-02 -1.220703125000000000e-03 1.020507812500000000e+00
5.500000000000000000e+01 -7.327718233587785825e-03 3.197549774656488746e-03 -2.198315470076335834e-02 -2.441406250000000000e-03 -4.736328125000000000e-02 1.018310546875000000e+00
5.600000000000000000e+01 -7.061255752366412015e-03 2.664624812213740694e-03 -2.198315470076335834e-02 -1.074218750000000000e-02 -2.880859375000000000e-02 1.024169921875000000e+00
5.700000000000000000e+01 -7.194486992977099787e-03 3.064318534045801408e-03 -2.171669221954198453e-02 -3.173828125000000000e-03 -2.856445312500000000e-02 1.017822265625000000e+00
5.800000000000000000e+01 -7.061255752366412015e-03 2.931087293435114503e-03 -2.238284842259541732e-02 -1.147460937500000000e-02 -3.198242187500000000e-02 1.016113281250000000e+00
5.900000000000000000e+01 -7.194486992977099787e-03 2.931087293435114503e-03 -2.158346097893129936e-02 -1.855468750000000000e-02 -3.320312500000000000e-02 1.023681640625000000e+00
6.000000000000000000e+01 -6.794793271145038206e-03 3.197549774656488746e-03 -2.184992346015267317e-02 -6.103515625000000000e-03 -4.296875000000000000e-02 1.017822265625000000e+00
6.100000000000000000e+01 -6.928024511755725111e-03 3.064318534045801408e-03 -2.304900462564885705e-02 -9.033203125000000000e-03 -3.955078125000000000e-02 1.023925781250000000e+00
6.200000000000000000e+01 -7.061255752366412015e-03 3.064318534045801408e-03 -2.478101075358778507e-02 -8.789062500000000000e-03 -7.788085937500000000e-02 1.020263671875000000e+00
6.300000000000000000e+01 -6.528330789923664397e-03 3.330781015267175651e-03 -2.677947936274809038e-02 -1.147460937500000000e-02 -7.250976562500000000e-02 1.012451171875000000e+00
6.400000000000000000e+01 -6.794793271145038206e-03 3.597243496488549894e-03 -2.717917308458015282e-02 -1.953125000000000000e-03 -3.540039062500000000e-02 1.004882812500000000e+00
6.500000000000000000e+01 -6.794793271145038206e-03 2.664624812213740694e-03 -2.691271060335877555e-02 -1.196289062500000000e-02 -3.051757812500000000e-02 1.025878906250000000e+00
6.600000000000000000e+01 -6.528330789923664397e-03 2.931087293435114503e-03 -2.624655440030534276e-02 -1.342773437500000000e-02 -2.343750000000000000e-02 1.018554687500000000e+00
6.700000000000000000e+01 -6.395099549312977492e-03 2.797856052824427165e-03 -2.544716695664122480e-02 -1.489257812500000000e-02 -1.416015625000000000e-02 1.004150390625000000e+00
6.800000000000000000e+01 -6.661562030534351302e-03 2.664624812213740694e-03 -2.491424199419847371e-02 -1.123046875000000000e-02 -2.294921875000000000e-02 1.027832031250000000e+00
6.900000000000000000e+01 -6.794793271145038206e-03 2.931087293435114503e-03 -2.491424199419847371e-02 -2.050781250000000000e-02 -2.392578125000000000e-02 1.041748046875000000e+00
7.000000000000000000e+01 -6.928024511755725111e-03 3.197549774656488746e-03 -2.651301688152671657e-02 -6.347656250000000000e-03 -3.442382812500000000e-02 1.010498046875000000e+00
7.100000000000000000e+01 -6.928024511755725111e-03 3.597243496488549894e-03 -2.784532928763358908e-02 -4.150390625000000000e-03 -4.516601562500000000e-02 1.017822265625000000e+00
7.200000000000000000e+01 -6.261868308702289720e-03 3.197549774656488746e-03 -2.877794797190839915e-02 -6.591796875000000000e-03 -6.616210937500000000e-02 1.021484375000000000e+00
7.300000000000000000e+01 -6.128637068091602816e-03 2.531393571603053356e-03 -2.931087293435114330e-02 -8.056640625000000000e-03 -5.981445312500000000e-02 1.023437500000000000e+00
7.400000000000000000e+01 -6.261868308702289720e-03 2.398162330992366451e-03 -2.797856052824427425e-02 -1.733398437500000000e-02 -9.765625000000000000e-04 1.024169921875000000e+00
7.500000000000000000e+01 -6.395099549312977492e-03 2.931087293435114503e-03 -2.771209804702290044e-02 -8.789062500000000000e-03 -4.003906250000000000e-02 1.025878906250000000e+00
7.600000000000000000e+01 -6.794793271145038206e-03 3.064318534045801408e-03 -2.637978564091603140e-02 -2.368164062500000000e-02 1.220703125000000000e-03 1.024169921875000000e+00
7.700000000000000000e+01 -6.528330789923664397e-03 3.197549774656488746e-03 -2.598009191908396895e-02 -1.269531250000000000e-02 -2.539062500000000000e-02 1.028564453125000000e+00
7.800000000000000000e+01 -6.661562030534351302e-03 3.330781015267175651e-03 -2.544716695664122480e-02 -1.684570312500000000e-02 -2.221679687500000000e-02 1.025634765625000000e+00
7.900000000000000000e+01 -6.661562030534351302e-03 3.330781015267175651e-03 -2.491424199419847371e-02 -5.615234375000000000e-03 -2.001953125000000000e-02 1.005859375000000000e+00
8.000000000000000000e+01 -7.061255752366412015e-03 3.597243496488549894e-03 -2.544716695664122480e-02 -1.855468750000000000e-02 -1.806640625000000000e-02 1.015869140625000000e+00
8.100000000000000000e+01 -6.528330789923664397e-03 3.730474737099236365e-03 -2.704594184396946766e-02 8.300781250000000000e-03 -3.247070312500000000e-02 1.017333984375000000e+00
8.200000000000000000e+01 -6.661562030534351302e-03 3.064318534045801408e-03 -2.691271060335877555e-02 -1.000976562500000000e-02 -3.002929687500000000e-02 1.018554687500000000e+00
8.300000000000000000e+01 -6.661562030534351302e-03 2.398162330992366451e-03 -2.811179176885495942e-02 -1.147460937500000000e-02 -5.249023437500000000e-02 1.011962890625000000e+00
8.400000000000000000e+01 -6.794793271145038206e-03 2.931087293435114503e-03 -2.717917308458015282e-02 -1.953125000000000000e-03 -3.466796875000000000e-02 1.020996093750000000e+00
8.500000000000000000e+01 -6.661562030534351302e-03 3.730474737099236365e-03 -2.731240432519084146e-02 -2.929687500000000000e-03 -4.101562500000000000e-02 1.022216796875000000e+00
8.600000000000000000e+01 -6.661562030534351302e-03 2.931087293435114503e-03 -2.504747323480915888e-02 -2.319335937500000000e-02 6.103515625000000000e-03 1.013427734375000000e+00
8.700000000000000000e+01 -6.661562030534351302e-03 3.197549774656488746e-03 -2.451454827236641126e-02 -2.929687500000000000e-03 -3.613281250000000000e-02 1.027832031250000000e+00
8.800000000000000000e+01 -6.528330789923664397e-03 3.330781015267175651e-03 -2.424808579114504092e-02 -1.074218750000000000e-02 -1.269531250000000000e-02 1.004638671875000000e+00
8.900000000000000000e+01 -6.928024511755725111e-03 3.064318534045801408e-03 -2.424808579114504092e-02 -1.611328125000000000e-02 -1.586914062500000000e-02 1.018798828125000000e+00
9.000000000000000000e+01 -7.061255752366412015e-03 3.064318534045801408e-03 -2.398162330992366711e-02 -1.220703125000000000e-02 -2.441406250000000000e-02 1.016113281250000000e+00
9.100000000000000000e+01 -6.661562030534351302e-03 2.531393571603053356e-03 -2.224961718198473215e-02 -8.544921875000000000e-03 1.074218750000000000e-02 1.026367187500000000e+00
9.200000000000000000e+01 -7.194486992977099787e-03 3.064318534045801408e-03 -2.091730477587786310e-02 -8.300781250000000000e-03 -1.025390625000000000e-02 1.030029296875000000e+00
9.300000000000000000e+01 -7.460949474198472729e-03 2.931087293435114503e-03 -1.918529864793893161e-02 -2.050781250000000000e-02 3.881835937500000000e-02 1.023681640625000000e+00
9.400000000000000000e+01 -7.594180714809160501e-03 2.931087293435114503e-03 -1.918529864793893161e-02 -1.098632812500000000e-02 -1.879882812500000000e-02 1.016113281250000000e+00
9.500000000000000000e+01 -7.194486992977099787e-03 3.330781015267175651e-03 -2.011791733221374168e-02 -2.441406250000000000e-03 -6.176757812500000000e-02 1.012207031250000000e+00
9.600000000000000000e+01 -7.061255752366412015e-03 3.064318534045801408e-03 -2.118376725709923691e-02 -1.025390625000000000e-02 -7.250976562500000000e-02 1.018066406250000000e+00
9.700000000000000000e+01 -6.528330789923664397e-03 2.931087293435114503e-03 -2.264931090381679460e-02 -4.882812500000000000e-04 -7.177734375000000000e-02 1.029052734375000000e+00
9.800000000000000000e+01 -7.194486992977099787e-03 3.464012255877862555e-03 -2.078407353526717447e-02 -1.171875000000000000e-02 -1.196289062500000000e-02 1.021240234375000000e+00
9.900000000000000000e+01 -7.594180714809160501e-03 3.064318534045801408e-03 -1.798621748244274773e-02 -2.075195312500000000e-02 1.440429687500000000e-02 1.025146484375000000e+00
1.000000000000000000e+02 -7.993874436641221215e-03 2.531393571603053356e-03 -1.518836142961832100e-02 -1.489257812500000000e-02 8.789062500000000000e-03 1.008789062500000000e+00
1.010000000000000000e+02 -7.594180714809160501e-03 2.931087293435114503e-03 -1.412251150473282403e-02 -4.882812500000000000e-03 -2.758789062500000000e-02 1.021972656250000000e+00
1.020000000000000000e+02 -7.594180714809160501e-03 3.064318534045801408e-03 -1.572128639206106862e-02 -9.521484375000000000e-03 -2.099609375000000000e-02 1.024902343750000000e+00
1.030000000000000000e+02 -7.194486992977099787e-03 3.197549774656488746e-03 -1.718683003877862631e-02 -1.074218750000000000e-02 -2.685546875000000000e-02 1.024169921875000000e+00
1.040000000000000000e+02 -7.594180714809160501e-03 2.398162330992366451e-03 -1.838591120427481018e-02 -1.464843750000000000e-02 -2.954101562500000000e-02 1.027343750000000000e+00
1.050000000000000000e+02 -7.327718233587785825e-03 2.931087293435114503e-03 -1.811944872305343290e-02 -1.000976562500000000e-02 -1.611328125000000000e-02 1.022705078125000000e+00
1.060000000000000000e+02 -7.727411955419847406e-03 3.330781015267175651e-03 -1.678713631694656733e-02 -1.391601562500000000e-02 -3.076171875000000000e-02 1.016113281250000000e+00
1.070000000000000000e+02 -7.460949474198472729e-03 2.797856052824427165e-03 -1.398928026412213713e-02 -1.904296875000000000e-02 -2.685546875000000000e-03 1.013427734375000000e+00
1.080000000000000000e+02 -7.594180714809160501e-03 2.398162330992366451e-03 -1.225727413618320563e-02 -3.906250000000000000e-03 -1.123046875000000000e-02 1.016113281250000000e+00
1.090000000000000000e+02 -7.993874436641221215e-03 2.531393571603053356e-03 -1.105819297068702176e-02 -2.807617187500000000e-02 -4.882812500000000000e-04 1.025390625000000000e+00
1.100000000000000000e+02 -7.860643196030534310e-03 3.064318534045801408e-03 -1.012557428641221342e-02 -9.033203125000000000e-03 -2.954101562500000000e-02 1.017333984375000000e+00
1.110000000000000000e+02 -7.860643196030534310e-03 2.797856052824427165e-03 -1.012557428641221342e-02 -1.367187500000000000e-02 -1.440429687500000000e-02 1.017822265625000000e+00
1.120000000000000000e+02 -7.993874436641221215e-03 2.931087293435114503e-03 -9.992343045801526519e-03 -1.635742187500000000e-02 -4.638671875000000000e-03 1.026123046875000000e+00
1.130000000000000000e+02 -7.860643196030534310e-03 2.797856052824427165e-03 -9.326186842748091996e-03 -1.562500000000000000e-02 -1.806640625000000000e-02 1.020751953125000000e+00
1.140000000000000000e+02 -8.260336917862595024e-03 3.197549774656488746e-03 -8.393568158473283664e-03 -2.661132812500000000e-02 -1.538085937500000000e-02 1.020019531250000000e+00
1.150000000000000000e+02 -7.993874436641221215e-03 2.664624812213740694e-03 -8.793261880305342643e-03 -8.300781250000000000e-03 -3.564453125000000000e-02 1.023681640625000000e+00
1.160000000000000000e+02 -8.260336917862595024e-03 2.931087293435114503e-03 -7.327718233587785825e-03 -4.638671875000000000e-03 -2.856445312500000000e-02 1.007812500000000000e+00
1.170000000000000000e+02 -8.260336917862595024e-03 2.664624812213740694e-03 -7.594180714809160501e-03 -8.056640625000000000e-03 -4.614257812500000000e-02 1.017089843750000000e+00
1.180000000000000000e+02 -7.993874436641221215e-03 3.064318534045801408e-03 -7.327718233587785825e-03 -8.789062500000000000e-03 -4.589843750000000000e-02 1.021484375000000000e+00
1.190000000000000000e+02 -8.260336917862595024e-03 3.330781015267175651e-03 -7.860643196030534310e-03 -6.103515625000000000e-03 -4.931640625000000000e-02 1.024169921875000000e+00
1.200000000000000000e+02 -7.993874436641221215e-03 2.398162330992366451e-03 -7.727411955419847406e-03 -1.538085937500000000e-02 -1.708984375000000000e-02 1.012207031250000000e+00
1.210000000000000000e+02 -8.393568158473283664e-03 2.797856052824427165e-03 -6.395099549312977492e-03 -1.049804687500000000e-02 4.150390625000000000e-03 1.020996093750000000e+00
1.220000000000000000e+02 -8.393568158473283664e-03 2.398162330992366451e-03 -5.862174586870229007e-03 -1.342773437500000000e-02 -3.906250000000000000e-03 1.012695312500000000e+00
1.230000000000000000e+02 -8.260336917862595024e-03 3.197549774656488746e-03 -5.062787143206106712e-03 -7.324218750000000000e-04 -6.591796875000000000e-03 1.021484375000000000e+00
1.240000000000000000e+02 -8.526799399083968833e-03 2.797856052824427165e-03 -4.130168458931297512e-03 -1.025390625000000000e-02 -3.417968750000000000e-03 1.019287109375000000e+00
1.250000000000000000e+02 -8.526799399083968833e-03 3.330781015267175651e-03 -3.197549774656488746e-03 -9.033203125000000000e-03 -4.882812500000000000e-03 1.021484375000000000e+00
1.260000000000000000e+02 -8.526799399083968833e-03 2.797856052824427165e-03 -2.797856052824427165e-03 -1.123046875000000000e-02 -3.076171875000000000e-02 1.019287109375000000e+00
1.270000000000000000e+02 -8.660030639694655738e-03 2.531393571603053356e-03 -2.797856052824427165e-03 -2.001953125000000000e-02 -4.443359375000000000e-02 1.015625000000000000e+00
1.280000000000000000e+02 -8.393568158473283664e-03 1.998468609160305304e-03 -2.797856052824427165e-03 -7.812500000000000000e-03 -3.247070312500000000e-02 1.017822265625000000e+00
1.290000000000000000e+02 -8.393568158473283664e-03 2.531393571603053356e-03 -3.064318534045801408e-03 -1.196289062500000000e-02 -4.125976562500000000e-02 1.028076171875000000e+00
1.300000000000000000e+02 -8.127105677251908120e-03 3.597243496488549894e-03 -2.797856052824427165e-03 -1.293945312500000000e-02 -2.807617187500000000e-02 1.014892578125000000e+00
1.310000000000000000e+02 -8.393568158473283664e-03 2.664624812213740694e-03 -3.197549774656488746e-03 -8.300781250000000000e-03 -1.757812500000000000e-02 1.012207031250000000e+00
1.320000000000000000e+02 -8.526799399083968833e-03 2.264931090381679113e-03 -3.064318534045801408e-03 -9.033203125000000000e-03 -1.342773437500000000e-02 1.016845703125000000e+00
1.330000000000000000e+02 -8.660030639694655738e-03 2.797856052824427165e-03 -2.398162330992366451e-03 -7.080078125000000000e-03 -1.269531250000000000e-02 1.024169921875000000e+00
1.340000000000000000e+02 -8.260336917862595024e-03 2.797856052824427165e-03 -2.131699849770992208e-03 -1.025390625000000000e-02 -1.489257812500000000e-02 1.023925781250000000e+00
1.350000000000000000e+02 -8.793261880305342643e-03 2.797856052824427165e-03 -1.998468609160305304e-03 -1.342773437500000000e-02 -2.807617187500000000e-02 1.020263671875000000e+00
1.360000000000000000e+02 -8.660030639694655738e-03 2.398162330992366451e-03 -2.264931090381679113e-03 -9.765625000000000000e-03 -3.027343750000000000e-02 1.020751953125000000e+00
1.370000000000000000e+02 -8.260336917862595024e-03 2.398162330992366451e-03 -2.264931090381679113e-03 -7.324218750000000000e-03 -3.833007812500000000e-02 1.027099609375000000e+00
1.380000000000000000e+02 -8.393568158473283664e-03 2.797856052824427165e-03 -2.264931090381679113e-03 -1.440429687500000000e-02 -4.150390625000000000e-02 1.027343750000000000e+00
1.390000000000000000e+02 -8.660030639694655738e-03 2.797856052824427165e-03 -2.531393571603053356e-03 -1.171875000000000000e-02 -3.173828125000000000e-02 1.020996093750000000e+00
1.400000000000000000e+02 -8.660030639694655738e-03 2.797856052824427165e-03 -2.398162330992366451e-03 -2.441406250000000000e-03 -4.663085937500000000e-02 1.010009765625000000e+00
1.410000000000000000e+02 -8.127105677251908120e-03 2.664624812213740694e-03 -2.398162330992366451e-03 -7.568359375000000000e-03 -2.465820312500000000e-02 1.010498046875000000e+00
1.420000000000000000e+02 -8.526799399083968833e-03 2.664624812213740694e-03 -2.264931090381679113e-03 -7.324218750000000000e-03 -1.733398437500000000e-02 1.018554687500000000e+00
1.430000000000000000e+02 -8.393568158473283664e-03 2.664624812213740694e-03 -2.531393571603053356e-03 -8.056640625000000000e-03 -1.513671875000000000e-02 1.020996093750000000e+00
1.440000000000000000e+02 -8.393568158473283664e-03 2.664624812213740694e-03 -1.732006127938931278e-03 -1.220703125000000000e-02 -2.221679687500000000e-02 1.020263671875000000e+00
1.450000000000000000e+02 -8.393568158473283664e-03 2.931087293435114503e-03 -2.131699849770992208e-03 -2.197265625000000000e-03 -2.612304687500000000e-02 1.017578125000000000e+00
1.460000000000000000e+02 -8.393568158473283664e-03 2.531393571603053356e-03 -2.398162330992366451e-03 -7.080078125000000000e-03 -2.978515625000000000e-02 1.002929687500000000e+00
1.470000000000000000e+02 -8.526799399083968833e-03 2.531393571603053356e-03 -2.398162330992366451e-03 -9.765625000000000000e-03 -3.784179687500000000e-02 1.019287109375000000e+00
1.480000000000000000e+02 -8.393568158473283664e-03 3.197549774656488746e-03 -2.531393571603053356e-03 -1.171875000000000000e-02 -4.028320312500000000e-02 1.011230468750000000e+00
1.490000000000000000e+02 -8.793261880305342643e-03 2.931087293435114503e-03 -2.931087293435114503e-03 -8.544921875000000000e-03 -3.344726562500000000e-02 1.030029296875000000e+00
1.500000000000000000e+02 -8.526799399083968833e-03 2.398162330992366451e-03 -2.264931090381679113e-03 -5.859375000000000000e-03 -2.636718750000000000e-02 1.019531250000000000e+00
1.510000000000000000e+02 -8.660030639694655738e-03 2.664624812213740694e-03 -2.531393571603053356e-03 -1.245117187500000000e-02 -2.490234375000000000e-02 1.024169921875000000e+00
1.520000000000000000e+02 -8.793261880305342643e-03 2.398162330992366451e-03 -1.998468609160305304e-03 -1.049804687500000000e-02 -2.270507812500000000e-02 1.013427734375000000e+00
1.530000000000000000e+02 -8.393568158473283664e-03 2.131699849770992208e-03 -2.531393571603053356e-03 -9.765625000000000000e-03 -2.246093750000000000e-02 1.016357421875000000e+00
1.540000000000000000e+02 -8.660030639694655738e-03 2.931087293435114503e-03 -2.398162330992366451e-03 -1.562500000000000000e-02 -1.977539062500000000e-02 1.008789062500000000e+00
1.550000000000000000e+02 -8.526799399083968833e-03 3.064318534045801408e-03 -1.998468609160305304e-03 -1.513671875000000000e-02 -2.661132812500000000e-02 1.021240234375000000e+00
1.560000000000000000e+02 -8.793261880305342643e-03 2.531393571603053356e-03 -2.398162330992366451e-03 -9.033203125000000000e-03 -3.100585937500000000e-02 1.021240234375000000e+00
1.570000000000000000e+02 -8.260336917862595024e-03 3.064318534045801408e-03 -2.664624812213740694e-03 -1.293945312500000000e-02 -2.807617187500000000e-02 1.017089843750000000e+00
1.580000000000000000e+02 -8.393568158473283664e-03 2.931087293435114503e-03 -2.398162330992366451e-03 -1.318359375000000000e-02 -3.076171875000000000e-02 1.027099609375000000e+00
1.590000000000000000e+02 -8.526799399083968833e-03 2.664624812213740694e-03 -2.131699849770992208e-03 -4.638671875000000000e-03 -4.443359375000000000e-02 1.016113281250000000e+00
1.600000000000000000e+02 -8.660030639694655738e-03 2.264931090381679113e-03 -2.398162330992366451e-03 -8.300781250000000000e-03 -1.953125000000000000e-02 1.016845703125000000e+00
1.610000000000000000e+02 -8.393568158473283664e-03 2.664624812213740694e-03 -2.531393571603053356e-03 -1.367187500000000000e-02 -2.807617187500000000e-02 1.017089843750000000e+00
1.620000000000000000e+02 -8.393568158473283664e-03 3.064318534045801408e-03 -1.998468609160305304e-03 -7.568359375000000000e-03 -3.247070312500000000e-02 1.010742187500000000e+00
1.630000000000000000e+02 -8.660030639694655738e-03 2.797856052824427165e-03 -2.131699849770992208e-03 -9.521484375000000000e-03 -2.465820312500000000e-02 1.015625000000000000e+00
1.640000000000000000e+02 -8.526799399083968833e-03 2.398162330992366451e-03 -2.264931090381679113e-03 -1.782226562500000000e-02 -2.075195312500000000e-02 1.025390625000000000e+00
1.650000000000000000e+02 -8.926493120916029547e-03 3.064318534045801408e-03 -2.264931090381679113e-03 -6.103515625000000000e-03 -2.392578125000000000e-02 1.017089843750000000e+00
1.660000000000000000e+02 -8.793261880305342643e-03 2.531393571603053356e-03 -1.998468609160305304e-03 -1.611328125000000000e-02 -3.100585937500000000e-02 1.025390625000000000e+00
1.670000000000000000e+02 -8.660030639694655738e-03 3.330781015267175651e-03 -2.264931090381679113e-03 -1.660156250000000000e-02 -3.491210937500000000e-02 1.016601562500000000e+00
1.680000000000000000e+02 -8.526799399083968833e-03 2.531393571603053356e-03 -1.865237368549618182e-03 -9.033203125000000000e-03 -4.272460937500000000e-02 1.022460937500000000e+00
1.690000000000000000e+02 -8.260336917862595024e-03 2.531393571603053356e-03 -2.398162330992366451e-03 -7.324218750000000000e-03 -3.466796875000000000e-02 1.028564453125000000e+00
1.700000000000000000e+02 -8.660030639694655738e-03 2.797856052824427165e-03 -2.664624812213740694e-03 -6.835937500000000000e-03 -2.758789062500000000e-02 1.005371093750000000e+00
1.710000000000000000e+02 -8.526799399083968833e-03 2.931087293435114503e-03 -2.398162330992366451e-03 -1.147460937500000000e-02 -3.076171875000000000e-02 1.029785156250000000e+00
1.720000000000000000e+02 -8.660030639694655738e-03 2.531393571603053356e-03 -2.131699849770992208e-03 -6.103515625000000000e-03 -1.635742187500000000e-02 1.019287109375000000e+00
1.730000000000000000e+02 -8.526799399083968833e-03 2.797856052824427165e-03 -1.865237368549618182e-03 -6.835937500000000000e-03 -2.465820312500000000e-02 1.030273437500000000e+00
1.740000000000000000e+02 -8.526799399083968833e-03 3.064318534045801408e-03 -2.531393571603053356e-03 -1.123046875000000000e-02 -3.222656250000000000e-02 1.022949218750000000e+00
1.750000000000000000e+02 -8.660030639694655738e-03 2.797856052824427165e-03 -1.998468609160305304e-03 -3.906250000000000000e-03 -1.806640625000000000e-02 1.020263671875000000e+00
1.760000000000000000e+02 -8.660030639694655738e-03 2.797856052824427165e-03 -2.264931090381679113e-03 -1.220703125000000000e-02 -3.198242187500000000e-02 1.020996093750000000e+00
1.770000000000000000e+02 -8.660030639694655738e-03 2.931087293435114503e-03 -2.398162330992366451e-03 -7.080078125000000000e-03 -2.587890625000000000e-02 1.022460937500000000e+00
1.780000000000000000e+02 -8.793261880305342643e-03 2.531393571603053356e-03 -2.264931090381679113e-03 -6.103515625000000000e-03 -2.758789062500000000e-02 1.026611328125000000e+00
1.790000000000000000e+02 -8.393568158473283664e-03 2.664624812213740694e-03 -2.398162330992366451e-03 -6.103515625000000000e-03 -3.198242187500000000e-02 1.020263671875000000e+00
1.800000000000000000e+02 -7.993874436641221215e-03 2.131699849770992208e-03 -2.398162330992366451e-03 -7.812500000000000000e-03 -2.099609375000000000e-02 1.016601562500000000e+00
1.810000000000000000e+02 -8.393568158473283664e-03 3.330781015267175651e-03 -2.398162330992366451e-03 -8.056640625000000000e-03 -2.514648437500000000e-02 1.026611328125000000e+00
1.820000000000000000e+02 -8.260336917862595024e-03 2.664624812213740694e-03 -2.264931090381679113e-03 -4.638671875000000000e-03 -1.879882812500000000e-02 1.021972656250000000e+00
1.830000000000000000e+02 -8.526799399083968833e-03 2.531393571603053356e-03 -2.398162330992366451e-03 -7.080078125000000000e-03 -4.589843750000000000e-02 1.019775390625000000e+00
1.840000000000000000e+02 -8.260336917862595024e-03 3.064318534045801408e-03 -2.131699849770992208e-03 -1.196289062500000000e-02 -3.320312500000000000e-02 1.027099609375000000e+00
1.850000000000000000e+02 -8.393568158473283664e-03 2.931087293435114503e-03 -2.131699849770992208e-03 -9.033203125000000000e-03 -3.344726562500000000e-02 1.019531250000000000e+00
1.860000000000000000e+02 -8.526799399083968833e-03 3.064318534045801408e-03 -2.131699849770992208e-03 -1.489257812500000000e-02 -3.100585937500000000e-02 1.002197265625000000e+00
1.870000000000000000e+02 -8.660030639694655738e-03 2.531393571603053356e-03 -2.131699849770992208e-03 -8.300781250000000000e-03 -4.516601562500000000e-02 1.030517578125000000e+00
1.880000000000000000e+02 -8.526799399083968833e-03 2.931087293435114503e-03 -2.664624812213740694e-03 -9.033203125000000000e-03 -2.514648437500000000e-02 1.023193359375000000e+00
1.890000000000000000e+02 -8.526799399083968833e-03 2.264931090381679113e-03 -2.264931090381679113e-03 -6.835937500000000000e-03 -3.369140625000000000e-02 1.030761718750000000e+00
1.900000000000000000e+02 -8.526799399083968833e-03 2.797856052824427165e-03 -2.531393571603053356e-03 -3.173828125000000000e-03 -2.270507812500000000e-02 1.023437500000000000e+00
1.910000000000000000e+02 -8.660030639694655738e-03 2.398162330992366451e-03 -1.998468609160305304e-03 -8.544921875000000000e-03 -2.416992187500000000e-02 1.010009765625000000e+00
1.920000000000000000e+02 -8.660030639694655738e-03 2.531393571603053356e-03 -2.264931090381679113e-03 -8.056640625000000000e-03 -2.856445312500000000e-02 1.022460937500000000e+00
1.930000000000000000e+02 -8.260336917862595024e-03 2.797856052824427165e-03 -2.131699849770992208e-03 -9.765625000000000000e-03 -2.661132812500000000e-02 1.025390625000000000e+00
1.940000000000000000e+02 -8.526799399083968833e-03 3.064318534045801408e-03 -2.531393571603053356e-03 -7.812500000000000000e-03 -1.855468750000000000e-02 1.028320312500000000e+00
1.950000000000000000e+02 -9.059724361526716452e-03 3.330781015267175651e-03 -2.398162330992366451e-03 -9.033203125000000000e-03 -3.125000000000000000e-02 1.015136718750000000e+00
1.960000000000000000e+02 -8.660030639694655738e-03 3.330781015267175651e-03 -1.865237368549618182e-03 -1.367187500000000000e-02 -3.125000000000000000e-02 1.022216796875000000e+00
1.970000000000000000e+02 -8.660030639694655738e-03 2.797856052824427165e-03 -1.865237368549618182e-03 -6.835937500000000000e-03 -3.466796875000000000e-02 1.019287109375000000e+00
1.980000000000000000e+02 -8.526799399083968833e-03 2.664624812213740694e-03 -2.264931090381679113e-03 -1.123046875000000000e-02 -2.661132812500000000e-02 1.025634765625000000e+00
1.990000000000000000e+02 -8.660030639694655738e-03 2.531393571603053356e-03 -2.398162330992366451e-03 -9.765625000000000000e-03 -2.368164062500000000e-02 1.014892578125000000e+00
2.000000000000000000e+02 -8.526799399083968833e-03 2.931087293435114503e-03 -2.264931090381679113e-03 -1.318359375000000000e-02 -2.514648437500000000e-02 1.025146484375000000e+00
2.010000000000000000e+02 -8.260336917862595024e-03 2.664624812213740694e-03 -2.398162330992366451e-03 -1.293945312500000000e-02 -3.100585937500000000e-02 1.029296875000000000e+00
2.020000000000000000e+02 -8.660030639694655738e-03 2.531393571603053356e-03 -2.264931090381679113e-03 -1.342773437500000000e-02 -2.319335937500000000e-02 1.013427734375000000e+00
2.030000000000000000e+02 -8.526799399083968833e-03 2.531393571603053356e-03 -2.131699849770992208e-03 -1.684570312500000000e-02 -2.465820312500000000e-02 1.027832031250000000e+00
2.040000000000000000e+02 -8.526799399083968833e-03 2.664624812213740694e-03 -2.131699849770992208e-03 -1.074218750000000000e-02 -2.783203125000000000e-02 1.030517578125000000e+00
2.050000000000000000e+02 -8.393568158473283664e-03 2.398162330992366451e-03 -2.264931090381679113e-03 -1.220703125000000000e-02 -3.540039062500000000e-02 1.015380859375000000e+00
2.060000000000000000e+02 -8.660030639694655738e-03 2.264931090381679113e-03 -2.398162330992366451e-03 -4.882812500000000000e-03 -3.173828125000000000e-02 1.021972656250000000e+00
2.070000000000000000e+02 -8.660030639694655738e-03 3.064318534045801408e-03 -2.398162330992366451e-03 -6.835937500000000000e-03 -2.368164062500000000e-02 1.031005859375000000e+00
2.080000000000000000e+02 -8.526799399083968833e-03 2.531393571603053356e-03 -2.531393571603053356e-03 -1.538085937500000000e-02 -2.758789062500000000e-02 1.023193359375000000e+00
2.090000000000000000e+02 -8.393568158473283664e-03 3.064318534045801408e-03 -2.131699849770992208e-03 -1.025390625000000000e-02 -2.661132812500000000e-02 1.004150390625000000e+00
2.100000000000000000e+02 -8.526799399083968833e-03 2.664624812213740694e-03 -2.398162330992366451e-03 -9.765625000000000000e-03 -2.539062500000000000e-02 1.019531250000000000e+00
2.110000000000000000e+02 -8.393568158473283664e-03 2.797856052824427165e-03 -2.664624812213740694e-03 -1.293945312500000000e-02 -3.417968750000000000e-02 1.020507812500000000e+00
2.120000000000000000e+02 -8.660030639694655738e-03 2.131699849770992208e-03 -2.398162330992366451e-03 -4.882812500000000000e-03 -3.344726562500000000e-02 1.020263671875000000e+00
2.130000000000000000e+02 -8.127105677251908120e-03 2.664624812213740694e-03 -2.531393571603053356e-03 -1.025390625000000000e-02 -3.271484375000000000e-02 1.017822265625000000e+00
2.140000000000000000e+02 -8.526799399083968833e-03 2.664624812213740694e-03 -2.264931090381679113e-03 -9.765625000000000000e-03 -2.709960937500000000e-02 1.000976562500000000e+00
2.150000000000000000e+02 -8.660030639694655738e-03 2.664624812213740694e-03 -1.998468609160305304e-03 -1.489257812500000000e-02 -2.734375000000000000e-02 1.017578125000000000e+00
2.160000000000000000e+02 -8.526799399083968833e-03 2.664624812213740694e-03 -2.531393571603053356e-03 -8.544921875000000000e-03 -2.514648437500000000e-02 1.019042968750000000e+00
2.170000000000000000e+02 -8.526799399083968833e-03 3.064318534045801408e-03 -2.264931090381679113e-03 -7.080078125000000000e-03 -2.270507812500000000e-02 1.010253906250000000e+00
2.180000000000000000e+02 -8.393568158473283664e-03 2.931087293435114503e-03 -2.398162330992366451e-03 -2.807617187500000000e-02 -2.832031250000000000e-02 1.025146484375000000e+00
2.190000000000000000e+02 -8.393568158473283664e-03 3.064318534045801408e-03 -2.664624812213740694e-03 -1.367187500000000000e-02 -2.929687500000000000e-02 1.020996093750000000e+00
2.200000000000000000e+02 -8.393568158473283664e-03 2.931087293435114503e-03 -2.131699849770992208e-03 -1.196289062500000000e-02 -2.978515625000000000e-02 1.021728515625000000e+00
2.210000000000000000e+02 -8.393568158473283664e-03 2.664624812213740694e-03 -2.131699849770992208e-03 -1.440429687500000000e-02 -1.611328125000000000e-02 1.001708984375000000e+00
2.220000000000000000e+02 -8.526799399083968833e-03 2.398162330992366451e-03 -2.398162330992366451e-03 -1.171875000000000000e-02 -3.759765625000000000e-02 1.023193359375000000e+00
2.230000000000000000e+02 -8.260336917862595024e-03 2.797856052824427165e-03 -2.264931090381679113e-03 -1.489257812500000000e-02 -2.514648437500000000e-02 1.022705078125000000e+00
2.240000000000000000e+02 -8.260336917862595024e-03 2.797856052824427165e-03 -2.264931090381679113e-03 -1.440429687500000000e-02 -3.027343750000000000e-02 1.018798828125000000e+00
2.250000000000000000e+02 -8.393568158473283664e-03 2.264931090381679113e-03 -2.664624812213740694e-03 -1.196289062500000000e-02 -2.563476562500000000e-02 1.019287109375000000e+00
2.260000000000000000e+02 -8.393568158473283664e-03 2.531393571603053356e-03 -2.398162330992366451e-03 -1.245117187500000000e-02 -2.734375000000000000e-02 1.006591796875000000e+00
2.270000000000000000e+02 -8.393568158473283664e-03 2.664624812213740694e-03 -2.398162330992366451e-03 -8.300781250000000000e-03 -3.442382812500000000e-02 1.019042968750000000e+00
2.280000000000000000e+02 -8.526799399083968833e-03 2.264931090381679113e-03 -2.664624812213740694e-03 -1.293945312500000000e-02 -3.125000000000000000e-02 1.018798828125000000e+00
2.290000000000000000e+02 -8.260336917862595024e-03 2.398162330992366451e-03 -2.531393571603053356e-03 -1.147460937500000000e-02 -3.393554687500000000e-02 1.018798828125000000e+00
2.300000000000000000e+02 -8.660030639694655738e-03 2.398162330992366451e-03 -2.131699849770992208e-03 -8.789062500000000000e-03 -4.394531250000000000e-02 1.019042968750000000e+00
2.310000000000000000e+02 -8.393568158473283664e-03 2.531393571603053356e-03 -2.664624812213740694e-03 -1.074218750000000000e-02 -3.491210937500000000e-02 1.024414062500000000e+00
2.320000000000000000e+02 -8.660030639694655738e-03 2.531393571603053356e-03 -2.531393571603053356e-03 -9.033203125000000000e-03 -3.295898437500000000e-02 1.031250000000000000e+00
2.330000000000000000e+02 -8.526799399083968833e-03 2.531393571603053356e-03 -2.264931090381679113e-03 -1.074218750000000000e-02 -4.272460937500000000e-02 1.019775390625000000e+00
2.340000000000000000e+02 -8.660030639694655738e-03 2.531393571603053356e-03 -1.998468609160305304e-03 -7.812500000000000000e-03 -2.905273437500000000e-02 1.024169921875000000e+00
2.350000000000000000e+02 -8.260336917862595024e-03 2.531393571603053356e-03 -2.131699849770992208e-03 -8.056640625000000000e-03 -2.905273437500000000e-02 1.018310546875000000e+00
2.360000000000000000e+02 -8.526799399083968833e-03 2.797856052824427165e-03 -2.531393571603053356e-03 -1.123046875000000000e-02 -1.611328125000000000e-02 1.023437500000000000e+00
2.370000000000000000e+02 -8.660030639694655738e-03 3.064318534045801408e-03 -2.264931090381679113e-03 -1.220703125000000000e-02 -2.221679687500000000e-02 1.015380859375000000e+00
2.380000000000000000e+02 -8.526799399083968833e-03 3.064318534045801408e-03 -2.131699849770992208e-03 -9.765625000000000000e-03 -3.393554687500000000e-02 1.019775390625000000e+00
2.390000000000000000e+02 -8.260336917862595024e-03 3.197549774656488746e-03 -2.264931090381679113e-03 -6.347656250000000000e-03 -3.540039062500000000e-02 1.014892578125000000e+00
2.400000000000000000e+02 -8.393568158473283664e-03 2.531393571603053356e-03 -2.264931090381679113e-03 -1.123046875000000000e-02 -2.294921875000000000e-02 1.014160156250000000e+00
2.410000000000000000e+02 -8.526799399083968833e-03 2.797856052824427165e-03 -2.131699849770992208e-03 -3.417968750000000000e-03 -2.758789062500000000e-02 1.024414062500000000e+00
2.420000000000000000e+02 -8.393568158473283664e-03 2.797856052824427165e-03 -2.264931090381679113e-03 -1.904296875000000000e-02 -2.441406250000000000e-02 1.028076171875000000e+00
2.430000000000000000e+02 -8.393568158473283664e-03 2.797856052824427165e-03 -2.531393571603053356e-03 -1.000976562500000000e-02 -1.879882812500000000e-02 1.026367187500000000e+00
2.440000000000000000e+02 -8.526799399083968833e-03 2.797856052824427165e-03 -2.264931090381679113e-03 -1.196289062500000000e-02 -2.539062500000000000e-02 1.020751953125000000e+00
2.450000000000000000e+02 -8.260336917862595024e-03 3.064318534045801408e-03 -2.264931090381679113e-03 -1.245117187500000000e-02 -4.223632812500000000e-02 1.022705078125000000e+00
2.460000000000000000e+02 -8.260336917862595024e-03 2.531393571603053356e-03 -2.131699849770992208e-03 -1.464843750000000000e-03 -4.150390625000000000e-02 1.019042968750000000e+00
2.470000000000000000e+02 -8.393568158473283664e-03 3.197549774656488746e-03 -1.998468609160305304e-03 -8.056640625000000000e-03 -2.832031250000000000e-02 1.005371093750000000e+00
2.480000000000000000e+02 -8.260336917862595024e-03 2.797856052824427165e-03 -2.398162330992366451e-03 -9.521484375000000000e-03 -1.708984375000000000e-02 1.011718750000000000e+00
2.490000000000000000e+02 -8.526799399083968833e-03 2.797856052824427165e-03 -2.131699849770992208e-03 -9.765625000000000000e-03 -3.002929687500000000e-02 1.026123046875000000e+00
2.500000000000000000e+02 -8.393568158473283664e-03 2.931087293435114503e-03 -1.998468609160305304e-03 -1.025390625000000000e-02 -2.612304687500000000e-02 1.022460937500000000e+00
2.510000000000000000e+02 -8.526799399083968833e-03 2.531393571603053356e-03 -2.531393571603053356e-03 -8.056640625000000000e-03 -2.368164062500000000e-02 1.018066406250000000e+00
2.520000000000000000e+02 -8.526799399083968833e-03 2.931087293435114503e-03 -2.131699849770992208e-03 -1.440429687500000000e-02 -2.050781250000000000e-02 1.017333984375000000e+00
2.530000000000000000e+02 -8.393568158473283664e-03 2.664624812213740694e-03 -1.865237368549618182e-03 -8.789062500000000000e-03 -1.733398437500000000e-02 1.015380859375000000e+00
2.540000000000000000e+02 -8.526799399083968833e-03 3.330781015267175651e-03 -1.998468609160305304e-03 -1.074218750000000000e-02 -2.734375000000000000e-02 1.030517578125000000e+00
2.550000000000000000e+02 -8.260336917862595024e-03 2.797856052824427165e-03 -2.131699849770992208e-03 -6.591796875000000000e-03 -3.002929687500000000e-02 1.019775390625000000e+00
2.560000000000000000e+02 -8.526799399083968833e-03 2.531393571603053356e-03 -2.264931090381679113e-03 -1.025390625000000000e-02 -2.416992187500000000e-02 1.016357421875000000e+00
2.570000000000000000e+02 -8.393568158473283664e-03 2.797856052824427165e-03 -2.264931090381679113e-03 -7.080078125000000000e-03 -3.027343750000000000e-02 1.020751953125000000e+00
2.580000000000000000e+02 -8.526799399083968833e-03 2.531393571603053356e-03 -2.398162330992366451e-03 -4.882812500000000000e-03 -4.296875000000000000e-02 1.016113281250000000e+00
2.590000000000000000e+02 -8.660030639694655738e-03 2.797856052824427165e-03 -2.264931090381679113e-03 -1.147460937500000000e-02 -2.954101562500000000e-02 1.016601562500000000e+00
2.600000000000000000e+02 -8.393568158473283664e-03 3.197549774656488746e-03 -2.264931090381679113e-03 -1.074218750000000000e-02 -3.247070312500000000e-02 1.015136718750000000e+00
2.610000000000000000e+02 -8.660030639694655738e-03 3.197549774656488746e-03 -2.264931090381679113e-03 -1.464843750000000000e-02 -2.905273437500000000e-02 1.020996093750000000e+00
2.620000000000000000e+02 -8.526799399083968833e-03 2.664624812213740694e-03 -2.264931090381679113e-03 -1.000976562500000000e-02 -3.002929687500000000e-02 1.021728515625000000e+00
2.630000000000000000e+02 -8.393568158473283664e-03 2.531393571603053356e-03 -2.131699849770992208e-03 -1.196289062500000000e-02 -2.587890625000000000e-02 1.015869140625000000e+00
2.640000000000000000e+02 -8.393568158473283664e-03 2.664624812213740694e-03 -2.264931090381679113e-03 -7.812500000000000000e-03 -2.709960937500000000e-02 1.024169921875000000e+00
2.650000000000000000e+02 -8.660030639694655738e-03 2.931087293435114503e-03 -1.998468609160305304e-03 -1.440429687500000000e-02 -3.417968750000000000e-02 1.019042968750000000e+00
2.660000000000000000e+02 -7.993874436641221215e-03 2.931087293435114503e-03 -2.131699849770992208e-03 -1.489257812500000000e-02 -3.759765625000000000e-02 1.015869140625000000e+00
2.670000000000000000e+02 -8.526799399083968833e-03 2.931087293435114503e-03 -1.732006127938931278e-03 -9.521484375000000000e-03 -3.295898437500000000e-02 1.000488281250000000e+00
2.680000000000000000e+02 -8.660030639694655738e-03 2.398162330992366451e-03 -1.732006127938931278e-03 -1.074218750000000000e-02 -2.270507812500000000e-02 1.013671875000000000e+00
2.690000000000000000e+02 -8.793261880305342643e-03 2.797856052824427165e-03 -1.998468609160305304e-03 -1.586914062500000000e-02 -2.856445312500000000e-02 1.005126953125000000e+00
2.700000000000000000e+02 -8.660030639694655738e-03 3.064318534045801408e-03 -1.865237368549618182e-03 -1.318359375000000000e-02 -3.417968750000000000e-02 1.024902343750000000e+00
2.710000000000000000e+02 -8.393568158473283664e-03 2.931087293435114503e-03 -1.332312406106870347e-03 -1.147460937500000000e-02 -3.344726562500000000e-02 1.020507812500000000e+00
2.720000000000000000e+02 -8.926493120916029547e-03 2.664624812213740694e-03 -1.332312406106870347e-03 -1.562500000000000000e-02 -2.490234375000000000e-02 1.033203125000000000e+00
2.730000000000000000e+02 -8.660030639694655738e-03 3.197549774656488746e-03 -1.065849924885496104e-03 -9.277343750000000000e-03 -2.368164062500000000e-02 1.016601562500000000e+00
2.740000000000000000e+02 -8.393568158473283664e-03 2.797856052824427165e-03 -1.065849924885496104e-03 -1.416015625000000000e-02 -3.051757812500000000e-02 1.019042968750000000e+00
2.750000000000000000e+02 -8.660030639694655738e-03 2.264931090381679113e-03 -6.661562030534351735e-04 -1.245117187500000000e-02 -2.612304687500000000e-02 1.015869140625000000e+00
2.760000000000000000e+02 -8.660030639694655738e-03 2.797856052824427165e-03 -5.329249624427480521e-04 -8.544921875000000000e-03 -2.368164062500000000e-02 1.023681640625000000e+00
2.770000000000000000e+02 -8.393568158473283664e-03 2.398162330992366451e-03 0.000000000000000000e+00 -6.835937500000000000e-03 -2.465820312500000000e-02 1.022949218750000000e+00
2.780000000000000000e+02 -8.526799399083968833e-03 2.797856052824427165e-03 -1.332312406106870130e-04 -6.347656250000000000e-03 -4.687500000000000000e-02 1.018066406250000000e+00
2.790000000000000000e+02 -8.660030639694655738e-03 2.531393571603053356e-03 -1.332312406106870130e-04 -1.538085937500000000e-02 -1.660156250000000000e-02 1.025390625000000000e+00
2.800000000000000000e+02 -8.526799399083968833e-03 2.531393571603053356e-03 2.664624812213740260e-04 -1.367187500000000000e-02 -2.099609375000000000e-02 1.004882812500000000e+00
2.810000000000000000e+02 -8.393568158473283664e-03 2.398162330992366451e-03 6.661562030534351735e-04 -1.171875000000000000e-02 -2.221679687500000000e-02 1.020019531250000000e+00
2.820000000000000000e+02 -9.192955602137405091e-03 2.664624812213740694e-03 3.996937218320610933e-04 -1.269531250000000000e-02 -2.197265625000000000e-02 1.019042968750000000e+00
2.830000000000000000e+02 -8.660030639694655738e-03 2.797856052824427165e-03 1.065849924885496104e-03 -7.080078125000000000e-03 -1.904296875000000000e-02 1.007568359375000000e+00
2.840000000000000000e+02 -8.526799399083968833e-03 3.064318534045801408e-03 1.199081165496183226e-03 -1.171875000000000000e-02 -2.490234375000000000e-02 1.023681640625000000e+00
2.850000000000000000e+02 -8.926493120916029547e-03 2.797856052824427165e-03 1.199081165496183226e-03 -1.049804687500000000e-02 -2.783203125000000000e-02 1.014404296875000000e+00
2.860000000000000000e+02 -8.926493120916029547e-03 2.398162330992366451e-03 1.465543646717557252e-03 -1.391601562500000000e-02 -3.100585937500000000e-02 1.016357421875000000e+00
2.870000000000000000e+02 -8.793261880305342643e-03 2.531393571603053356e-03 1.465543646717557252e-03 -9.033203125000000000e-03 -2.563476562500000000e-02 1.022949218750000000e+00
2.880000000000000000e+02 -8.526799399083968833e-03 2.531393571603053356e-03 1.465543646717557252e-03 -1.000976562500000000e-02 -3.100585937500000000e-02 1.020507812500000000e+00
2.890000000000000000e+02 -8.793261880305342643e-03 3.330781015267175651e-03 1.732006127938931278e-03 -1.342773437500000000e-02 -2.416992187500000000e-02 1.031005859375000000e+00
2.900000000000000000e+02 -8.793261880305342643e-03 2.797856052824427165e-03 1.465543646717557252e-03 -8.300781250000000000e-03 -4.003906250000000000e-02 1.028564453125000000e+00
2.910000000000000000e+02 -8.793261880305342643e-03 2.398162330992366451e-03 1.598774887328244373e-03 -8.300781250000000000e-03 -2.954101562500000000e-02 1.021728515625000000e+00
2.920000000000000000e+02 -8.793261880305342643e-03 2.797856052824427165e-03 1.732006127938931278e-03 -1.586914062500000000e-02 -2.685546875000000000e-02 1.021240234375000000e+00
2.930000000000000000e+02 -8.526799399083968833e-03 2.797856052824427165e-03 1.732006127938931278e-03 -4.150390625000000000e-03 -2.465820312500000000e-02 1.022460937500000000e+00
2.940000000000000000e+02 -8.660030639694655738e-03 3.064318534045801408e-03 1.998468609160305304e-03 -1.025390625000000000e-02 -2.099609375000000000e-02 1.019042968750000000e+00
2.950000000000000000e+02 -8.926493120916029547e-03 2.664624812213740694e-03 2.131699849770992208e-03 -1.171875000000000000e-02 -2.685546875000000000e-02 1.021484375000000000e+00
2.960000000000000000e+02 -8.660030639694655738e-03 1.998468609160305304e-03 2.531393571603053356e-03 -1.025390625000000000e-02 -2.856445312500000000e-02 1.020263671875000000e+00
2.970000000000000000e+02 -8.926493120916029547e-03 2.664624812213740694e-03 2.664624812213740694e-03 -1.171875000000000000e-02 -2.539062500000000000e-02 1.020751953125000000e+00
2.980000000000000000e+02 -8.793261880305342643e-03 2.797856052824427165e-03 3.330781015267175651e-03 -8.056640625000000000e-03 -1.513671875000000000e-02 1.016601562500000000e+00
2.990000000000000000e+02 -8.660030639694655738e-03 2.664624812213740694e-03 2.664624812213740694e-03 -1.660156250000000000e-02 -2.783203125000000000e-02 1.020507812500000000e+00
3.000000000000000000e+02 -8.526799399083968833e-03 3.197549774656488746e-03 3.863705977709923703e-03 -8.056640625000000000e-03 -2.685546875000000000e-02 1.037353515625000000e+00
3.010000000000000000e+02 -8.793261880305342643e-03 2.264931090381679113e-03 4.263399699541984417e-03 -1.025390625000000000e-02 -1.684570312500000000e-02 1.029052734375000000e+00
3.020000000000000000e+02 -9.059724361526716452e-03 2.264931090381679113e-03 4.796324661984732902e-03 -1.684570312500000000e-02 -2.734375000000000000e-02 1.020751953125000000e+00
3.030000000000000000e+02 -8.926493120916029547e-03 2.398162330992366451e-03 6.128637068091602816e-03 -1.391601562500000000e-02 -2.807617187500000000e-02 1.020507812500000000e+00
3.040000000000000000e+02 -9.059724361526716452e-03 3.064318534045801408e-03 6.794793271145038206e-03 -1.293945312500000000e-02 -7.080078125000000000e-03 1.025146484375000000e+00
3.050000000000000000e+02 -9.059724361526716452e-03 2.797856052824427165e-03 6.528330789923664397e-03 -9.765625000000000000e-03 -4.248046875000000000e-02 1.024169921875000000e+00
3.060000000000000000e+02 -9.059724361526716452e-03 2.797856052824427165e-03 6.928024511755725111e-03 -2.441406250000000000e-03 -3.808593750000000000e-02 1.017333984375000000e+00
3.070000000000000000e+02 -9.326186842748091996e-03 2.531393571603053356e-03 6.128637068091602816e-03 -8.300781250000000000e-03 -3.588867187500000000e-02 1.000976562500000000e+00
3.080000000000000000e+02 -8.926493120916029547e-03 2.531393571603053356e-03 5.196018383816793616e-03 -6.835937500000000000e-03 -3.149414062500000000e-02 1.019287109375000000e+00
3.090000000000000000e+02 -9.192955602137405091e-03 2.264931090381679113e-03 4.263399699541984417e-03 -1.342773437500000000e-02 -3.930664062500000000e-02 1.003906250000000000e+00
3.100000000000000000e+02 -9.059724361526716452e-03 2.131699849770992208e-03 4.529862180763358226e-03 -1.123046875000000000e-02 -3.442382812500000000e-02 1.023925781250000000e+00
3.110000000000000000e+02 -8.926493120916029547e-03 2.664624812213740694e-03 4.396630940152671321e-03 -1.245117187500000000e-02 -2.978515625000000000e-02 1.021484375000000000e+00
3.120000000000000000e+02 -9.192955602137405091e-03 2.664624812213740694e-03 6.128637068091602816e-03 -1.318359375000000000e-02 -6.347656250000000000e-03 1.025634765625000000e+00
3.130000000000000000e+02 -9.326186842748091996e-03 2.264931090381679113e-03 5.995405827480916779e-03 -1.538085937500000000e-02 -1.367187500000000000e-02 1.022949218750000000e+00
3.140000000000000000e+02 -9.059724361526716452e-03 2.531393571603053356e-03 5.995405827480916779e-03 -1.074218750000000000e-02 -2.636718750000000000e-02 1.019287109375000000e+00
3.150000000000000000e+02 -9.192955602137405091e-03 2.398162330992366451e-03 6.528330789923664397e-03 -5.615234375000000000e-03 -2.734375000000000000e-02 1.015380859375000000e+00
3.160000000000000000e+02 -9.059724361526716452e-03 2.531393571603053356e-03 7.594180714809160501e-03 -6.835937500000000000e-03 -2.124023437500000000e-02 1.029785156250000000e+00
3.170000000000000000e+02 -8.793261880305342643e-03 2.398162330992366451e-03 8.793261880305342643e-03 -1.953125000000000000e-03 -2.514648437500000000e-02 1.017333984375000000e+00
3.180000000000000000e+02 -9.192955602137405091e-03 3.064318534045801408e-03 8.660030639694655738e-03 -1.220703125000000000e-02 -3.491210937500000000e-02 1.020263671875000000e+00
3.190000000000000000e+02 -9.459418083358778900e-03 2.931087293435114503e-03 7.860643196030534310e-03 -5.126953125000000000e-03 -3.637695312500000000e-02 1.016601562500000000e+00
3.200000000000000000e+02 -9.059724361526716452e-03 2.664624812213740694e-03 6.261868308702289720e-03 -1.147460937500000000e-02 -3.369140625000000000e-02 1.019775390625000000e+00
3.210000000000000000e+02 -9.459418083358778900e-03 2.931087293435114503e-03 5.329249624427481388e-03 -7.568359375000000000e-03 -3.173828125000000000e-02 1.025634765625000000e+00
3.220000000000000000e+02 -9.192955602137405091e-03 2.264931090381679113e-03 5.595712105648854330e-03 -7.812500000000000000e-03 -2.246093750000000000e-02 1.021240234375000000e+00
3.230000000000000000e+02 -9.326186842748091996e-03 2.931087293435114503e-03 6.528330789923664397e-03 -1.269531250000000000e-02 -3.051757812500000000e-02 1.015380859375000000e+00
3.240000000000000000e+02 -9.059724361526716452e-03 2.797856052824427165e-03 6.794793271145038206e-03 -3.173828125000000000e-03 -3.955078125000000000e-02 1.021240234375000000e+00
3.250000000000000000e+02 -9.192955602137405091e-03 2.531393571603053356e-03 6.794793271145038206e-03 -5.371093750000000000e-03 -2.807617187500000000e-02 1.012695312500000000e+00
3.260000000000000000e+02 -9.326186842748091996e-03 2.664624812213740694e-03 6.794793271145038206e-03 -1.464843750000000000e-02 -3.198242187500000000e-02 1.018798828125000000e+00
3.270000000000000000e+02 -8.793261880305342643e-03 3.330781015267175651e-03 7.194486992977099787e-03 -1.220703125000000000e-03 -2.709960937500000000e-02 1.021728515625000000e+00
3.280000000000000000e+02 -9.326186842748091996e-03 2.664624812213740694e-03 7.194486992977099787e-03 -1.049804687500000000e-02 -2.514648437500000000e-02 1.016113281250000000e+00
3.290000000000000000e+02 -9.192955602137405091e-03 2.531393571603053356e-03 6.661562030534351302e-03 -1.269531250000000000e-02 -2.392578125000000000e-02 1.017333984375000000e+00
3.300000000000000000e+02 -9.326186842748091996e-03 2.664624812213740694e-03 6.528330789923664397e-03 -1.220703125000000000e-02 -2.636718750000000000e-02 1.002685546875000000e+00
3.310000000000000000e+02 -9.059724361526716452e-03 2.398162330992366451e-03 5.595712105648854330e-03 -1.342773437500000000e-02 -2.929687500000000000e-02 1.031982421875000000e+00
3.320000000000000000e+02 -9.326186842748091996e-03 2.797856052824427165e-03 5.595712105648854330e-03 -1.196289062500000000e-02 -3.125000000000000000e-02 1.017822265625000000e+00
3.330000000000000000e+02 -9.059724361526716452e-03 2.531393571603053356e-03 5.862174586870229007e-03 -1.123046875000000000e-02 -2.148437500000000000e-02 1.018554687500000000e+00
3.340000000000000000e+02 -9.326186842748091996e-03 3.064318534045801408e-03 6.528330789923664397e-03 -2.441406250000000000e-03 -2.661132812500000000e-02 1.016113281250000000e+00
3.350000000000000000e+02 -9.192955602137405091e-03 2.264931090381679113e-03 6.794793271145038206e-03 -8.789062500000000000e-03 -2.783203125000000000e-02 1.022705078125000000e+00
3.360000000000000000e+02 -9.192955602137405091e-03 2.664624812213740694e-03 6.261868308702289720e-03 -7.080078125000000000e-03 -4.125976562500000000e-02 1.028564453125000000e+00
3.370000000000000000e+02 -9.192955602137405091e-03 2.797856052824427165e-03 5.595712105648854330e-03 -2.197265625000000000e-03 -3.442382812500000000e-02 1.026611328125000000e+00
3.380000000000000000e+02 -8.926493120916029547e-03 2.131699849770992208e-03 5.462480865038168293e-03 -1.049804687500000000e-02 -4.492187500000000000e-02 1.020019531250000000e+00
3.390000000000000000e+02 -8.793261880305342643e-03 2.931087293435114503e-03 4.529862180763358226e-03 -1.538085937500000000e-02 -4.370117187500000000e-02 1.019042968750000000e+00
3.400000000000000000e+02 -9.059724361526716452e-03 2.931087293435114503e-03 3.863705977709923703e-03 -1.147460937500000000e-02 -4.052734375000000000e-02 1.017578125000000000e+00
3.410000000000000000e+02 -8.660030639694655738e-03 2.531393571603053356e-03 3.064318534045801408e-03 -5.859375000000000000e-03 -3.710937500000000000e-02 1.021728515625000000e+00
3.420000000000000000e+02 -8.526799399083968833e-03 2.664624812213740694e-03 2.398162330992366451e-03 -7.324218750000000000e-03 -4.272460937500000000e-02 1.019287109375000000e+00
3.430000000000000000e+02 -9.059724361526716452e-03 3.330781015267175651e-03 1.598774887328244373e-03 -7.568359375000000000e-03 -3.808593750000000000e-02 1.012939453125000000e+00
3.440000000000000000e+02 -8.926493120916029547e-03 2.398162330992366451e-03 1.199081165496183226e-03 -1.245117187500000000e-02 -5.249023437500000000e-02 1.002929687500000000e+00
3.450000000000000000e+02 -8.660030639694655738e-03 3.197549774656488746e-03 6.661562030534351735e-04 -9.765625000000000000e-03 -3.637695312500000000e-02 1.020263671875000000e+00
3.460000000000000000e+02 -8.526799399083968833e-03 2.531393571603053356e-03 -6.661562030534351735e-04 -1.123046875000000000e-02 -4.223632812500000000e-02 1.027343750000000000e+00
3.470000000000000000e+02 -8.393568158473283664e-03 2.797856052824427165e-03 -1.732006127938931278e-03 -4.882812500000000000e-03 -3.198242187500000000e-02 1.027343750000000000e+00
3.480000000000000000e+02 -8.660030639694655738e-03 2.398162330992366451e-03 -1.865237368549618182e-03 -7.568359375000000000e-03 -4.296875000000000000e-02 1.015625000000000000e+00
3.490000000000000000e+02 -8.260336917862595024e-03 3.064318534045801408e-03 -1.465543646717557252e-03 -7.324218750000000000e-03 -4.345703125000000000e-02 1.023437500000000000e+00
3.500000000000000000e+02 -8.526799399083968833e-03 2.664624812213740694e-03 -2.664624812213740694e-03 -1.000976562500000000e-02 -2.539062500000000000e-02 1.031738281250000000e+00
3.510000000000000000e+02 -8.260336917862595024e-03 2.664624812213740694e-03 -2.531393571603053356e-03 -3.417968750000000000e-03 -4.785156250000000000e-02 1.019775390625000000e+00
3.520000000000000000e+02 -8.127105677251908120e-03 2.398162330992366451e-03 -2.664624812213740694e-03 -1.196289062500000000e-02 -2.490234375000000000e-02 1.023437500000000000e+00
3.530000000000000000e+02 -8.260336917862595024e-03 2.797856052824427165e-03 -2.664624812213740694e-03 -8.544921875000000000e-03 -3.686523437500000000e-02 1.015380859375000000e+00
3.540000000000000000e+02 -8.793261880305342643e-03 2.797856052824427165e-03 -3.597243496488549894e-03 -4.882812500000000000e-03 -6.689453125000000000e-02 1.031005859375000000e+00
3.550000000000000000e+02 -8.127105677251908120e-03 2.531393571603053356e-03 -4.263399699541984417e-03 -7.568359375000000000e-03 -4.443359375000000000e-02 1.006591796875000000e+00
3.560000000000000000e+02 -8.660030639694655738e-03 2.931087293435114503e-03 -6.261868308702289720e-03 -1.220703125000000000e-02 -4.589843750000000000e-02 1.032958984375000000e+00
3.570000000000000000e+02 -8.127105677251908120e-03 2.931087293435114503e-03 -7.594180714809160501e-03 -3.417968750000000000e-03 -5.493164062500000000e-02 1.024169921875000000e+00
3.580000000000000000e+02 -7.993874436641221215e-03 3.064318534045801408e-03 -1.012557428641221342e-02 -1.245117187500000000e-02 -4.223632812500000000e-02 1.019531250000000000e+00
3.590000000000000000e+02 -7.727411955419847406e-03 2.664624812213740694e-03 -1.105819297068702176e-02 -1.489257812500000000e-02 -3.076171875000000000e-02 1.025878906250000000e+00
3.600000000000000000e+02 -7.460949474198472729e-03 2.797856052824427165e-03 -1.239050537679389254e-02 -1.269531250000000000e-02 -3.857421875000000000e-02 1.026123046875000000e+00
3.610000000000000000e+02 -7.594180714809160501e-03 2.931087293435114503e-03 -1.452220522656488648e-02 -8.789062500000000000e-03 -4.785156250000000000e-02 1.024414062500000000e+00
3.620000000000000000e+02 -7.327718233587785825e-03 2.531393571603053356e-03 -1.732006127938931148e-02 -7.324218750000000000e-03 -5.859375000000000000e-02 1.024658203125000000e+00
3.630000000000000000e+02 -6.928024511755725111e-03 3.064318534045801408e-03 -1.878560492610686916e-02 -8.056640625000000000e-03 -4.077148437500000000e-02 1.034179687500000000e+00
3.640000000000000000e+02 -7.327718233587785825e-03 2.931087293435114503e-03 -1.878560492610686916e-02 -2.807617187500000000e-02 -2.392578125000000000e-02 1.026855468750000000e+00
3.650000000000000000e+02 -7.194486992977099787e-03 3.064318534045801408e-03 -1.918529864793893161e-02 -1.782226562500000000e-02 -2.832031250000000000e-02 1.030761718750000000e+00
3.660000000000000000e+02 -6.928024511755725111e-03 2.931087293435114503e-03 -2.171669221954198453e-02 -1.171875000000000000e-02 -4.931640625000000000e-02 1.015625000000000000e+00
3.670000000000000000e+02 -6.928024511755725111e-03 3.330781015267175651e-03 -2.384839206931297501e-02 -2.929687500000000000e-03 -4.370117187500000000e-02 1.023437500000000000e+00
3.680000000000000000e+02 -6.928024511755725111e-03 3.330781015267175651e-03 -2.464777951297709990e-02 -1.635742187500000000e-02 -4.321289062500000000e-02 1.021484375000000000e+00
3.690000000000000000e+02 -6.794793271145038206e-03 3.064318534045801408e-03 -2.318223586625954222e-02 -9.765625000000000000e-03 -4.296875000000000000e-02 1.009033203125000000e+00
3.700000000000000000e+02 -7.327718233587785825e-03 3.064318534045801408e-03 -2.491424199419847371e-02 -1.538085937500000000e-02 -5.297851562500000000e-02 1.026611328125000000e+00
3.710000000000000000e+02 -6.261868308702289720e-03 3.064318534045801408e-03 -2.997702913740458303e-02 -9.765625000000000000e-04 -1.132812500000000000e-01 1.011230468750000000e+00
3.720000000000000000e+02 -6.261868308702289720e-03 3.330781015267175651e-03 -3.064318534045801581e-02 -2.661132812500000000e-02 -4.101562500000000000e-02 1.019042968750000000e+00
3.730000000000000000e+02 -6.528330789923664397e-03 2.931087293435114503e-03 -2.864471673129771051e-02 -1.733398437500000000e-02 1.220703125000000000e-03 1.024169921875000000e+00
3.740000000000000000e+02 -6.528330789923664397e-03 3.464012255877862555e-03 -3.117611030290076343e-02 -1.855468750000000000e-02 -4.736328125000000000e-02 1.019042968750000000e+00
3.750000000000000000e+02 -5.728943346259542102e-03 3.064318534045801408e-03 -3.837059729587786322e-02 9.033203125000000000e-03 -1.391601562500000000e-01 1.024169921875000000e+00
3.760000000000000000e+02 -5.595712105648854330e-03 3.197549774656488746e-03 -3.637212868671755445e-02 5.615234375000000000e-03 -9.521484375000000000e-03 1.002685546875000000e+00
3.770000000000000000e+02 -6.261868308702289720e-03 3.464012255877862555e-03 -4.023583466442748335e-02 -1.196289062500000000e-02 -1.640625000000000000e-01 1.017333984375000000e+00
3.780000000000000000e+02 -5.995405827480916779e-03 3.597243496488549894e-03 -3.370750387450381635e-02 1.269531250000000000e-02 -6.494140625000000000e-02 1.013183593750000000e+00
3.790000000000000000e+02 -5.995405827480916779e-03 3.197549774656488746e-03 -4.116845334870228995e-02 -5.615234375000000000e-03 -8.544921875000000000e-02 1.006103515625000000e+00
3.800000000000000000e+02 -4.796324661984732902e-03 3.330781015267175651e-03 -4.649770297312976614e-02 -4.882812500000000000e-03 -1.086425781250000000e-01 1.024658203125000000e+00
3.810000000000000000e+02 -5.329249624427481388e-03 3.863705977709923703e-03 -4.423277188274808702e-02 -4.150390625000000000e-03 -2.856445312500000000e-02 1.022460937500000000e+00
3.820000000000000000e+02 -5.462480865038168293e-03 3.197549774656488746e-03 -4.396630940152671668e-02 -2.270507812500000000e-02 4.614257812500000000e-02 1.007324218750000000e+00
3.830000000000000000e+02 -5.595712105648854330e-03 3.464012255877862555e-03 -4.143491582992366723e-02 1.538085937500000000e-02 -1.042480468750000000e-01 1.016601562500000000e+00
3.840000000000000000e+02 -5.196018383816793616e-03 3.064318534045801408e-03 -4.769678413862595001e-02 -2.197265625000000000e-02 -4.248046875000000000e-02 1.029541015625000000e+00
3.850000000000000000e+02 -5.329249624427481388e-03 3.330781015267175651e-03 -4.809647786045801593e-02 -2.075195312500000000e-02 -3.906250000000000000e-02 1.020507812500000000e+00
3.860000000000000000e+02 -4.263399699541984417e-03 3.064318534045801408e-03 -5.262634004122137416e-02 -1.123046875000000000e-02 -5.078125000000000000e-02 1.028564453125000000e+00
3.870000000000000000e+02 -5.062787143206106712e-03 3.464012255877862555e-03 -5.022817771022900640e-02 -1.220703125000000000e-02 -1.635742187500000000e-02 1.015136718750000000e+00
3.880000000000000000e+02 -4.929555902595420674e-03 2.797856052824427165e-03 -4.996171522900763606e-02 -3.417968750000000000e-02 1.196289062500000000e-02 1.029785156250000000e+00
3.890000000000000000e+02 -4.396630940152671321e-03 2.797856052824427165e-03 -5.715620222198473238e-02 -2.343750000000000000e-02 -1.147460937500000000e-01 1.031005859375000000e+00
3.900000000000000000e+02 -4.130168458931297512e-03 3.197549774656488746e-03 -5.475803989099236463e-02 -1.025390625000000000e-02 4.052734375000000000e-02 1.016113281250000000e+00
3.910000000000000000e+02 -4.130168458931297512e-03 3.730474737099236365e-03 -5.515773361282443055e-02 -5.371093750000000000e-02 3.442382812500000000e-02 1.033691406250000000e+00
3.920000000000000000e+02 -4.663093421374045998e-03 3.597243496488549894e-03 -5.515773361282443055e-02 -1.220703125000000000e-02 -3.173828125000000000e-02 1.002441406250000000e+00
3.930000000000000000e+02 -4.529862180763358226e-03 3.330781015267175651e-03 -5.529096485343511919e-02 -2.685546875000000000e-03 5.859375000000000000e-03 1.025146484375000000e+00
3.940000000000000000e+02 -3.597243496488549894e-03 2.797856052824427165e-03 -6.368453301190839244e-02 -1.733398437500000000e-02 -7.153320312500000000e-02 1.030029296875000000e+00
3.950000000000000000e+02 -3.730474737099236365e-03 3.597243496488549894e-03 -6.141960192152672027e-02 -6.103515625000000000e-03 -5.004882812500000000e-02 1.014404296875000000e+00
3.960000000000000000e+02 -4.263399699541984417e-03 3.597243496488549894e-03 -5.902143959053435252e-02 -6.347656250000000000e-03 4.077148437500000000e-02 1.007324218750000000e+00
3.970000000000000000e+02 -3.330781015267175651e-03 2.797856052824427165e-03 -6.448392045557252428e-02 -2.172851562500000000e-02 -8.154296875000000000e-02 1.029785156250000000e+00
3.980000000000000000e+02 -3.464012255877862555e-03 3.996937218320610608e-03 -6.381776425251908802e-02 8.544921875000000000e-03 -3.881835937500000000e-02 1.029541015625000000e+00
3.990000000000000000e+02 -3.863705977709923703e-03 3.064318534045801408e-03 -6.141960192152672027e-02 4.394531250000000000e-03 -1.757812500000000000e-02 1.012207031250000000e+00
4.000000000000000000e+02 -4.396630940152671321e-03 4.529862180763358226e-03 -6.195252688396946789e-02 1.025390625000000000e-02 -2.392578125000000000e-02 1.009521484375000000e+00
4.010000000000000000e+02 -3.863705977709923703e-03 2.398162330992366451e-03 -6.408422673374045142e-02 -3.320312500000000000e-02 -2.758789062500000000e-02 1.023437500000000000e+00
4.020000000000000000e+02 -3.197549774656488746e-03 3.730474737099236365e-03 -6.648238906473281917e-02 -4.223632812500000000e-02 -3.466796875000000000e-02 1.020263671875000000e+00
4.030000000000000000e+02 -4.130168458931297512e-03 3.464012255877862555e-03 -6.594946410229007849e-02 -3.662109375000000000e-02 -6.103515625000000000e-03 1.002685546875000000e+00
4.040000000000000000e+02 -4.263399699541984417e-03 3.464012255877862555e-03 -6.181929564335877925e-02 3.906250000000000000e-03 1.193847656250000000e-01 1.032226562500000000e+00
4.050000000000000000e+02 -4.663093421374045998e-03 3.330781015267175651e-03 -6.088667695908396571e-02 1.464843750000000000e-02 5.273437500000000000e-02 1.014160156250000000e+00
4.060000000000000000e+02 -4.529862180763358226e-03 4.130168458931297512e-03 -6.395099549312976972e-02 2.246093750000000000e-02 -1.489257812500000000e-02 1.007568359375000000e+00
4.070000000000000000e+02 -3.996937218320610608e-03 3.863705977709923703e-03 -6.235222060580152686e-02 5.517578125000000000e-02 5.908203125000000000e-02 1.007568359375000000e+00
4.080000000000000000e+02 -4.130168458931297512e-03 3.197549774656488746e-03 -6.235222060580152686e-02 4.394531250000000000e-03 1.049804687500000000e-02 1.026611328125000000e+00
4.090000000000000000e+02 -3.330781015267175651e-03 2.664624812213740694e-03 -6.235222060580152686e-02 -1.635742187500000000e-02 -2.343750000000000000e-02 1.031005859375000000e+00
4.100000000000000000e+02 -3.863705977709923703e-03 3.464012255877862555e-03 -6.341807053068701516e-02 -9.082031250000000000e-02 -1.220703125000000000e-03 1.023925781250000000e+00
4.110000000000000000e+02 -4.529862180763358226e-03 4.263399699541984417e-03 -5.742266470320610272e-02 2.929687500000000000e-03 -1.123046875000000000e-02 1.030273437500000000e+00
4.120000000000000000e+02 -4.396630940152671321e-03 3.464012255877862555e-03 -5.902143959053435252e-02 3.833007812500000000e-02 -1.220703125000000000e-03 1.017089843750000000e+00
4.130000000000000000e+02 -4.130168458931297512e-03 3.730474737099236365e-03 -5.982082703419847047e-02 -3.686523437500000000e-02 -2.294921875000000000e-02 1.018798828125000000e+00
4.140000000000000000e+02 -4.396630940152671321e-03 3.464012255877862555e-03 -5.662327725954198476e-02 -5.493164062500000000e-02 3.613281250000000000e-02 1.020263671875000000e+00
4.150000000000000000e+02 -4.529862180763358226e-03 3.330781015267175651e-03 -5.489127113160305327e-02 -3.344726562500000000e-02 -3.271484375000000000e-02 1.018554687500000000e+00
4.160000000000000000e+02 -3.996937218320610608e-03 2.931087293435114503e-03 -5.555742733465648953e-02 -3.149414062500000000e-02 -2.758789062500000000e-02 1.035400390625000000e+00
4.170000000000000000e+02 -4.796324661984732902e-03 3.996937218320610608e-03 -5.196018383816793790e-02 -3.833007812500000000e-02 -7.812500000000000000e-03 1.012695312500000000e+00
4.180000000000000000e+02 -5.196018383816793616e-03 2.931087293435114503e-03 -4.529862180763358920e-02 -8.544921875000000000e-03 5.224609375000000000e-02 1.035156250000000000e+00
4.190000000000000000e+02 -5.196018383816793616e-03 3.330781015267175651e-03 -4.783001537923663865e-02 -2.124023437500000000e-02 -6.762695312500000000e-02 1.023193359375000000e+00
4.200000000000000000e+02 -5.462480865038168293e-03 3.064318534045801408e-03 -4.676416545435115035e-02 -1.708984375000000000e-02 -4.223632812500000000e-02 1.009765625000000000e+00
4.210000000000000000e+02 -4.796324661984732902e-03 2.931087293435114503e-03 -4.449923436396946430e-02 -1.586914062500000000e-02 -2.319335937500000000e-02 1.032714843750000000e+00
4.220000000000000000e+02 -5.728943346259542102e-03 3.464012255877862555e-03 -3.783767233343511560e-02 3.417968750000000000e-03 5.639648437500000000e-02 1.000000000000000000e+00
4.230000000000000000e+02 -5.728943346259542102e-03 2.398162330992366451e-03 -3.757120985221373832e-02 -2.465820312500000000e-02 -5.224609375000000000e-02 1.039062500000000000e+00
4.240000000000000000e+02 -5.995405827480916779e-03 4.130168458931297512e-03 -3.570597248366411819e-02 -6.103515625000000000e-03 1.293945312500000000e-02 1.021728515625000000e+00
4.250000000000000000e+02 -6.395099549312977492e-03 2.264931090381679113e-03 -3.450689131816794125e-02 -2.416992187500000000e-02 -5.126953125000000000e-03 1.030273437500000000e+00
4.260000000000000000e+02 -6.661562030534351302e-03 3.464012255877862555e-03 -2.491424199419847371e-02 -1.098632812500000000e-02 5.932617187500000000e-02 1.038085937500000000e+00
4.270000000000000000e+02 -6.794793271145038206e-03 2.531393571603053356e-03 -2.184992346015267317e-02 -1.684570312500000000e-02 2.636718750000000000e-02 1.006591796875000000e+00
4.280000000000000000e+02 -7.327718233587785825e-03 2.398162330992366451e-03 -2.065084229465648930e-02 -3.002929687500000000e-02 -4.296875000000000000e-02 1.030761718750000000e+00
4.290000000000000000e+02 -6.661562030534351302e-03 3.330781015267175651e-03 -1.945176112916030542e-02 -1.245117187500000000e-02 -1.464843750000000000e-03 1.005859375000000000e+00
4.300000000000000000e+02 -7.860643196030534310e-03 2.664624812213740694e-03 -1.478866770778625855e-02 -3.051757812500000000e-02 4.541015625000000000e-02 1.020507812500000000e+00
4.310000000000000000e+02 -8.127105677251908120e-03 3.064318534045801408e-03 -6.928024511755725111e-03 -2.197265625000000000e-03 1.806640625000000000e-02 1.024658203125000000e+00
4.320000000000000000e+02 -7.993874436641221215e-03 3.064318534045801408e-03 -4.796324661984732902e-03 -1.708984375000000000e-03 4.638671875000000000e-03 1.013671875000000000e+00
4.330000000000000000e+02 -8.526799399083968833e-03 2.264931090381679113e-03 -2.664624812213740694e-03 -1.806640625000000000e-02 1.220703125000000000e-03 1.025878906250000000e+00
4.340000000000000000e+02 -8.526799399083968833e-03 2.531393571603053356e-03 -1.332312406106870347e-03 -2.954101562500000000e-02 -4.150390625000000000e-03 1.032470703125000000e+00
4.350000000000000000e+02 -8.660030639694655738e-03 3.064318534045801408e-03 1.332312406106870347e-03 -5.126953125000000000e-03 -3.002929687500000000e-02 1.011230468750000000e+00
4.360000000000000000e+02 -8.793261880305342643e-03 3.064318534045801408e-03 6.395099549312977492e-03 -1.000976562500000000e-02 1.928710937500000000e-02 1.025634765625000000e+00
4.370000000000000000e+02 -9.592649323969465805e-03 2.797856052824427165e-03 1.385604902351145022e-02 -1.464843750000000000e-03 5.200195312500000000e-02 1.018310546875000000e+00
4.380000000000000000e+02 -9.992343045801526519e-03 2.531393571603053356e-03 2.065084229465648930e-02 -1.538085937500000000e-02 3.735351562500000000e-02 1.011230468750000000e+00
4.390000000000000000e+02 -1.105819297068702176e-02 2.531393571603053356e-03 2.771209804702290044e-02 -1.538085937500000000e-02 4.736328125000000000e-02 1.009521484375000000e+00
4.400000000000000000e+02 -1.092496173007633659e-02 2.264931090381679113e-03 3.024349161862595683e-02 -2.905273437500000000e-02 1.904296875000000000e-02 1.013671875000000000e+00
4.410000000000000000e+02 -1.092496173007633659e-02 2.264931090381679113e-03 3.130934154351144860e-02 -1.757812500000000000e-02 -3.393554687500000000e-02 1.016113281250000000e+00
4.420000000000000000e+02 -1.172434917374045801e-02 2.264931090381679113e-03 4.090199086748091961e-02 -7.568359375000000000e-03 8.959960937500000000e-02 1.024414062500000000e+00
4.430000000000000000e+02 -1.212404289557252046e-02 1.199081165496183226e-03 4.716385917618320239e-02 -7.226562500000000000e-02 3.906250000000000000e-02 1.016845703125000000e+00
4.440000000000000000e+02 -1.265696785801526635e-02 2.398162330992366451e-03 5.502450237221373497e-02 -1.928710937500000000e-02 1.049804687500000000e-02 1.004150390625000000e+00
4.450000000000000000e+02 -1.239050537679389254e-02 7.993874436641221866e-04 5.782235842503816864e-02 -3.540039062500000000e-02 1.098632812500000000e-01 1.037109375000000000e+00
4.460000000000000000e+02 -1.239050537679389254e-02 1.598774887328244373e-03 6.075344571847328401e-02 -6.787109375000000000e-02 -8.300781250000000000e-03 1.042236328125000000e+00
4.470000000000000000e+02 -1.385604902351145022e-02 2.531393571603053356e-03 6.488361417740458326e-02 -4.101562500000000000e-02 -1.049804687500000000e-01 1.007812500000000000e+00
4.480000000000000000e+02 -1.452220522656488648e-02 2.398162330992366451e-03 7.154517620793893196e-02 1.318359375000000000e-02 -4.272460937500000000e-02 1.032714843750000000e+00
4.490000000000000000e+02 -1.465543646717557165e-02 3.197549774656488746e-03 7.940581940396947147e-02 6.933593750000000000e-02 9.106445312500000000e-02 9.760742187500000000e-01
4.500000000000000000e+02 -1.492189894839694546e-02 2.398162330992366451e-03 8.340275662229007514e-02 4.589843750000000000e-02 9.033203125000000000e-02 9.716796875000000000e-01
4.510000000000000000e+02 -1.558805515145038172e-02 4.663093421374045998e-03 8.819908128427481064e-02 8.154296875000000000e-02 -7.543945312500000000e-02 9.685058593750000000e-01
4.520000000000000000e+02 -1.558805515145038172e-02 3.064318534045801408e-03 9.192955602137403703e-02 3.784179687500000000e-02 -7.250976562500000000e-02 9.758300781250000000e-01
4.530000000000000000e+02 -1.638744259511450488e-02 1.732006127938931278e-03 1.020551303077862626e-01 1.733398437500000000e-02 1.977539062500000000e-02 9.943847656250000000e-01
4.540000000000000000e+02 -1.692036755755725250e-02 1.598774887328244373e-03 1.064517612479389391e-01 -1.953125000000000000e-02 -4.589843750000000000e-02 9.865722656250000000e-01
4.550000000000000000e+02 -1.745329252000000012e-02 7.993874436641221866e-04 1.149785606470229010e-01 -1.464843750000000000e-02 5.859375000000000000e-03 1.016845703125000000e+00
4.560000000000000000e+02 -1.732006127938931148e-02 -1.199081165496183226e-03 1.163108730531297735e-01 -6.298828125000000000e-02 -5.004882812500000000e-02 1.052734375000000000e+00
4.570000000000000000e+02 -1.825267996366412501e-02 1.865237368549618182e-03 1.240382850085496313e-01 -8.569335937500000000e-02 1.630859375000000000e-01 1.046142578125000000e+00
4.580000000000000000e+02 -1.745329252000000012e-02 1.332312406106870347e-03 1.314992344827480841e-01 -5.908203125000000000e-02 -4.931640625000000000e-02 1.025390625000000000e+00
4.590000000000000000e+02 -1.878560492610686916e-02 3.996937218320610933e-04 1.352297092198473383e-01 -3.662109375000000000e-02 1.220703125000000000e-03 1.017578125000000000e+00
4.600000000000000000e+02 -1.891883616671755780e-02 9.326186842748090912e-04 1.390934151975572464e-01 -6.372070312500000000e-02 5.078125000000000000e-02 1.029541015625000000e+00
4.610000000000000000e+02 -2.078407353526717447e-02 6.661562030534351735e-04 1.448223585438168093e-01 -5.932617187500000000e-02 7.055664062500000000e-02 1.038085937500000000e+00
4.620000000000000000e+02 -2.091730477587786310e-02 0.000000000000000000e+00 1.508177643712977356e-01 -1.367187500000000000e-02 6.542968750000000000e-02 1.030517578125000000e+00
4.630000000000000000e+02 -2.091730477587786310e-02 -3.357427263389313465e-02 1.552143953114503983e-01 -5.297851562500000000e-02 8.056640625000000000e-02 9.960937500000000000e-01
4.640000000000000000e+02 -2.025114857282442685e-02 1.332312406106870130e-04 1.598774887328244243e-01 -1.757812500000000000e-02 -3.540039062500000000e-02 1.014892578125000000e+00
4.650000000000000000e+02 -1.931852988854961678e-02 1.332312406106870130e-04 1.665390507633587869e-01 -1.015625000000000000e-01 1.611328125000000000e-02 1.017333984375000000e+00
4.660000000000000000e+02 -2.198315470076335834e-02 -3.397396635572519363e-02 1.721347628690076403e-01 -4.638671875000000000e-02 9.765625000000000000e-03 1.005859375000000000e+00
4.670000000000000000e+02 -2.238284842259541732e-02 -1.065849924885496104e-03 1.769310875309923481e-01 -5.517578125000000000e-02 1.293945312500000000e-01 1.012939453125000000e+00
4.680000000000000000e+02 -2.118376725709923691e-02 -1.065849924885496104e-03 1.802618685462595294e-01 -9.887695312500000000e-02 5.371093750000000000e-03 1.037109375000000000e+00
4.690000000000000000e+02 -2.291577338503816841e-02 -3.410719759633587533e-02 1.858575806519084106e-01 -9.521484375000000000e-02 1.579589843750000000e-01 1.045654296875000000e+00
4.700000000000000000e+02 -2.251607966320610943e-02 0.000000000000000000e+00 1.865237368549618191e-01 -9.838867187500000000e-02 4.077148437500000000e-02 1.030761718750000000e+00
4.710000000000000000e+02 -2.318223586625954222e-02 9.326186842748090912e-04 1.929188364042748183e-01 -3.466796875000000000e-02 2.036132812500000000e-01 9.919433593750000000e-01
4.720000000000000000e+02 -2.331546710687022739e-02 -5.329249624427480521e-04 1.954502299758778538e-01 -7.861328125000000000e-02 1.728515625000000000e-01 1.041259765625000000e+00
4.730000000000000000e+02 -2.278254214442748324e-02 -9.326186842748090912e-04 1.973154673444274809e-01 -7.324218750000000000e-02 2.404785156250000000e-01 9.887695312500000000e-01
4.740000000000000000e+02 -2.398162330992366711e-02 -6.661562030534351735e-04 2.015788670439694619e-01 -9.252929687500000000e-02 3.046875000000000000e-01 1.041748046875000000e+00
4.750000000000000000e+02 -2.371516082870228984e-02 5.329249624427480521e-04 2.025114857282442615e-01 -9.521484375000000000e-03 -3.515625000000000000e-02 9.438476562500000000e-01
4.760000000000000000e+02 -2.344869834748091603e-02 2.664624812213740260e-04 2.035773356531297984e-01 -3.198242187500000000e-02 -3.076171875000000000e-02 9.716796875000000000e-01
4.770000000000000000e+02 -2.358192958809160120e-02 5.329249624427480521e-04 2.026447169688549432e-01 -7.031250000000000000e-02 -1.274414062500000000e-01 9.951171875000000000e-01
4.780000000000000000e+02 -2.518070447541984752e-02 1.332312406106870347e-03 2.047764168186259337e-01 -1.257324218750000000e-01 -2.141113281250000000e-01 1.025634765625000000e+00
4.790000000000000000e+02 -2.424808579114504092e-02 -3.996937218320610933e-04 2.081071978338931427e-01 -9.838867187500000000e-02 -6.152343750000000000e-02 1.018066406250000000e+00
4.800000000000000000e+02 -2.491424199419847371e-02 -3.410719759633587533e-02 2.098392039618320604e-01 -1.228027343750000000e-01 -2.485351562500000000e-01 1.009033203125000000e+00
4.810000000000000000e+02 -2.518070447541984752e-02 -3.996937218320610933e-04 2.105053601648854966e-01 -6.665039062500000000e-02 4.614257812500000000e-02 1.027099609375000000e+00
4.820000000000000000e+02 -2.611332315969465759e-02 -6.661562030534351735e-04 2.126370600146564871e-01 -3.784179687500000000e-02 1.093750000000000000e-01 9.792480468750000000e-01
4.830000000000000000e+02 -2.531393571603053269e-02 -6.661562030534351735e-04 2.125038287740458054e-01 -4.858398437500000000e-02 6.347656250000000000e-02 1.003906250000000000e+00
4.840000000000000000e+02 -2.438131703175572609e-02 5.329249624427480521e-04 2.098392039618320604e-01 -1.008300781250000000e-01 3.710937500000000000e-02 1.030517578125000000e+00
4.850000000000000000e+02 -2.478101075358778507e-02 9.326186842748090912e-04 2.074410416308396787e-01 -7.958984375000000000e-02 -4.321289062500000000e-02 1.051269531250000000e+00
4.860000000000000000e+02 -2.358192958809160120e-02 7.993874436641221866e-04 2.062419604653435157e-01 -7.812500000000000000e-02 -1.206054687500000000e-01 1.044189453125000000e+00
4.870000000000000000e+02 -2.451454827236641126e-02 2.664624812213740260e-04 2.070413479090076614e-01 -5.761718750000000000e-02 7.470703125000000000e-02 1.002197265625000000e+00
4.880000000000000000e+02 -2.411485455053435228e-02 -7.993874436641221866e-04 2.066416541871755885e-01 -1.130371093750000000e-01 3.637695312500000000e-02 1.014892578125000000e+00
4.890000000000000000e+02 -2.451454827236641126e-02 9.326186842748090912e-04 2.037105668937404523e-01 -7.519531250000000000e-02 1.684570312500000000e-02 1.024414062500000000e+00
4.900000000000000000e+02 -2.451454827236641126e-02 -1.332312406106870130e-04 1.990474734723663985e-01 -1.774902343750000000e-01 -1.347656250000000000e-01 1.051025390625000000e+00
4.910000000000000000e+02 -2.371516082870228984e-02 -1.598774887328244373e-03 1.958499236977099267e-01 -8.691406250000000000e-02 -1.206054687500000000e-01 1.049072265625000000e+00
4.920000000000000000e+02 -2.358192958809160120e-02 -9.326186842748090912e-04 1.949173050134351270e-01 -1.496582031250000000e-01 -4.931640625000000000e-02 1.070556640625000000e+00
4.930000000000000000e+02 -2.184992346015267317e-02 -1.332312406106870347e-03 1.921194489606106726e-01 -1.054687500000000000e-01 -4.418945312500000000e-02 1.036621093750000000e+00
4.940000000000000000e+02 -2.224961718198473215e-02 1.065849924885496104e-03 1.874563555392366465e-01 -2.441406250000000000e-03 -1.562500000000000000e-01 9.526367187500000000e-01
4.950000000000000000e+02 -2.291577338503816841e-02 1.598774887328244373e-03 1.865237368549618191e-01 -2.319335937500000000e-02 -9.912109375000000000e-02 9.733886718750000000e-01
4.960000000000000000e+02 -2.251607966320610943e-02 2.398162330992366451e-03 1.817274121929770836e-01 5.346679687500000000e-02 1.391601562500000000e-02 9.187011718750000000e-01
4.970000000000000000e+02 -2.145022973832061072e-02 2.664624812213740260e-04 1.770643187716030575e-01 4.272460937500000000e-02 -3.808593750000000000e-02 9.809570312500000000e-01
4.980000000000000000e+02 -2.184992346015267317e-02 1.199081165496183226e-03 1.706692192222900861e-01 6.958007812500000000e-02 5.419921875000000000e-02 9.797363281250000000e-01
4.990000000000000000e+02 -2.091730477587786310e-02 -1.199081165496183226e-03 1.565467077175572708e-01 -1.145019531250000000e-01 5.419921875000000000e-02 1.057128906250000000e+00
5.000000000000000000e+02 -1.985145485099236787e-02 6.661562030534351735e-04 1.480199083184732811e-01 -4.638671875000000000e-03 -3.588867187500000000e-02 1.018798828125000000e+00
5.010000000000000000e+02 -1.985145485099236787e-02 6.661562030534351735e-04 1.704027567410687227e-01 -4.638671875000000000e-02 -1.872558593750000000e-01 1.019775390625000000e+00
5.020000000000000000e+02 -1.652067383572519005e-02 7.993874436641221866e-04 1.057856050448855029e-01 -9.326171875000000000e-02 -4.248046875000000000e-02 1.054443359375000000e+00
5.030000000000000000e+02 -1.478866770778625855e-02 1.998468609160305304e-03 7.900612568213739861e-02 2.661132812500000000e-02 -1.752929687500000000e-01 1.010986328125000000e+00
5.040000000000000000e+02 -1.185758041435114492e-02 2.664624812213740694e-03 5.102756515389313130e-02 8.251953125000000000e-02 -2.524414062500000000e-01 9.611816406250000000e-01
5.050000000000000000e+02 -1.065849924885496278e-02 2.264931090381679113e-03 2.438131703175572609e-02 2.563476562500000000e-02 -1.713867187500000000e-01 9.987792968750000000e-01
5.060000000000000000e+02 -9.992343045801526519e-03 1.998468609160305304e-03 1.265696785801526635e-02 -2.246093750000000000e-02 -1.040039062500000000e-01 1.027832031250000000e+00
5.070000000000000000e+02 -9.059724361526716452e-03 2.664624812213740694e-03 1.332312406106870347e-03 4.882812500000000000e-03 -1.218261718750000000e-01 1.019287109375000000e+00
5.080000000000000000e+02 -8.260336917862595024e-03 2.664624812213740694e-03 -4.130168458931297512e-03 -1.342773437500000000e-02 -4.272460937500000000e-02 1.015625000000000000e+00
5.090000000000000000e+02 -8.127105677251908120e-03 2.797856052824427165e-03 -1.252373661740457944e-02 4.003906250000000000e-02 -1.428222656250000000e-01 1.006835937500000000e+00
5.100000000000000000e+02 -6.528330789923664397e-03 2.931087293435114503e-03 -3.170903526534350758e-02 -3.906250000000000000e-02 -2.131347656250000000e-01 1.048583984375000000e+00
5.110000000000000000e+02 -4.663093421374045998e-03 3.197549774656488746e-03 -4.689739669496183205e-02 -9.277343750000000000e-03 -1.396484375000000000e-01 1.022705078125000000e+00
5.120000000000000000e+02 -4.663093421374045998e-03 3.996937218320610608e-03 -5.022817771022900640e-02 1.025390625000000000e-02 -1.166992187500000000e-01 9.978027343750000000e-01
5.130000000000000000e+02 -3.464012255877862555e-03 4.263399699541984417e-03 -6.022052075603053639e-02 1.806640625000000000e-02 -1.525878906250000000e-01 9.865722656250000000e-01
5.140000000000000000e+02 -1.598774887328244373e-03 3.996937218320610608e-03 -7.807350699786259896e-02 3.173828125000000000e-02 -2.397460937500000000e-01 1.004882812500000000e+00
5.150000000000000000e+02 -6.661562030534351735e-04 3.996937218320610608e-03 -8.779938756244273779e-02 3.198242187500000000e-02 -2.553710937500000000e-01 9.982910156250000000e-01
5.160000000000000000e+02 3.397396635572519363e-02 5.728943346259542102e-03 -9.952373673618319927e-02 7.836914062500000000e-02 -2.617187500000000000e-01 9.377441406250000000e-01
5.170000000000000000e+02 3.996937218320610933e-04 5.329249624427481388e-03 -1.053859113230534300e-01 2.954101562500000000e-02 -1.181640625000000000e-01 9.543457031250000000e-01
5.180000000000000000e+02 1.199081165496183226e-03 4.529862180763358226e-03 -1.169770292561832098e-01 4.785156250000000000e-02 -3.332519531250000000e-01 1.015136718750000000e+00
5.190000000000000000e+02 3.996937218320610933e-04 5.862174586870229007e-03 -1.325650844076335932e-01 5.346679687500000000e-02 -1.191406250000000000e-01 1.016845703125000000e+00
5.200000000000000000e+02 1.865237368549618182e-03 3.330781015267175651e-03 -1.370949465883969376e-01 -1.062011718750000000e-01 -1.420898437500000000e-01 1.058837890625000000e+00
5.210000000000000000e+02 1.465543646717557252e-03 5.462480865038168293e-03 -1.465543646717557269e-01 -3.808593750000000000e-02 -1.005859375000000000e-01 9.921875000000000000e-01
5.220000000000000000e+02 3.330781015267175651e-03 3.464012255877862555e-03 -1.620091885825954148e-01 -1.149902343750000000e-01 -2.575683593750000000e-01 1.066162109375000000e+00
5.230000000000000000e+02 3.597243496488549894e-03 5.462480865038168293e-03 -1.742664627187786031e-01 -1.806640625000000000e-02 -1.679687500000000000e-01 1.004882812500000000e+00
5.240000000000000000e+02 4.263399699541984417e-03 3.330781015267175651e-03 -1.799954060650381937e-01 -1.789550781250000000e-01 -8.496093750000000000e-02 1.070556640625000000e+00
5.250000000000000000e+02 4.929555902595420674e-03 3.464012255877862555e-03 -1.962496174195419996e-01 -3.710937500000000000e-02 -2.500000000000000000e-01 1.074707031250000000e+00
5.260000000000000000e+02 5.329249624427481388e-03 4.396630940152671321e-03 -1.997136296754198626e-01 -2.492675781250000000e-01 -1.464843750000000000e-01 1.098632812500000000e+00
5.270000000000000000e+02 9.192955602137405091e-03 3.597243496488549894e-03 -2.123705975334351237e-01 -1.513671875000000000e-01 -4.438476562500000000e-01 1.061767578125000000e+00
5.280000000000000000e+02 6.395099549312977492e-03 8.793261880305342643e-03 -2.169004597141984680e-01 -3.417968750000000000e-02 1.225585937500000000e-01 9.643554687500000000e-01
5.290000000000000000e+02 9.326186842748091996e-03 4.929555902595420674e-03 -2.230290967822900761e-01 -9.887695312500000000e-02 -7.348632812500000000e-02 1.037841796875000000e+00
5.300000000000000000e+02 9.326186842748091996e-03 5.595712105648854330e-03 -2.343537522341984647e-01 -4.199218750000000000e-02 -1.840820312500000000e-01 1.020996093750000000e+00
5.310000000000000000e+02 9.059724361526716452e-03 4.929555902595420674e-03 -2.406156205429007544e-01 -1.669921875000000000e-01 -1.872558593750000000e-01 1.022460937500000000e+00
5.320000000000000000e+02 9.859111805190841349e-03 6.528330789923664397e-03 -2.462113326485496079e-01 -5.908203125000000000e-02 5.322265625000000000e-02 9.763183593750000000e-01
5.330000000000000000e+02 1.159111793312977111e-02 4.796324661984732902e-03 -2.556707507319084249e-01 2.197265625000000000e-02 -2.072753906250000000e-01 9.560546875000000000e-01
5.340000000000000000e+02 1.159111793312977111e-02 6.128637068091602816e-03 -2.625987752436641509e-01 -3.759765625000000000e-02 -3.276367187500000000e-01 9.829101562500000000e-01
5.350000000000000000e+02 1.239050537679389254e-02 6.128637068091602816e-03 -2.651301688152671865e-01 -1.445312500000000000e-01 -1.025390625000000000e-01 1.044433593750000000e+00
5.360000000000000000e+02 1.185758041435114492e-02 5.995405827480916779e-03 -2.684609498305343678e-01 -1.667480468750000000e-01 1.049804687500000000e-02 1.000732421875000000e+00
5.370000000000000000e+02 1.318989282045801570e-02 5.728943346259542102e-03 -2.764548242671756029e-01 -3.955078125000000000e-02 -1.115722656250000000e-01 9.978027343750000000e-01
5.380000000000000000e+02 1.318989282045801570e-02 6.528330789923664397e-03 -2.845819299444274919e-01 -4.760742187500000000e-02 -1.269531250000000000e-01 9.880371093750000000e-01
5.390000000000000000e+02 1.398928026412213713e-02 5.462480865038168293e-03 -2.848483924256488553e-01 2.929687500000000000e-02 -1.672363281250000000e-01 9.846191406250000000e-01
5.400000000000000000e+02 1.358958654229007641e-02 6.128637068091602816e-03 -2.899111795688549265e-01 -6.689453125000000000e-02 -3.134765625000000000e-01 1.006347656250000000e+00
5.410000000000000000e+02 1.132465545190839730e-02 7.460949474198472729e-03 -2.897779483282442725e-01 -1.984863281250000000e-01 -5.371093750000000000e-03 1.017089843750000000e+00
5.420000000000000000e+02 1.239050537679389254e-02 6.261868308702289720e-03 -2.883124046815266905e-01 -1.232910156250000000e-01 2.231445312500000000e-01 1.013183593750000000e+00
5.430000000000000000e+02 1.465543646717557165e-02 6.794793271145038206e-03 -2.943078105090076169e-01 -1.303710937500000000e-01 -1.372070312500000000e-01 1.004638671875000000e+00
5.440000000000000000e+02 1.332312406106870260e-02 6.528330789923664397e-03 -2.976385915242747982e-01 -1.022949218750000000e-01 -2.326660156250000000e-01 9.836425781250000000e-01
5.450000000000000000e+02 1.172434917374045801e-02 6.661562030534351302e-03 -2.985712102085495978e-01 -1.425781250000000000e-01 2.770996093750000000e-01 9.746093750000000000e-01
5.460000000000000000e+02 1.492189894839694546e-02 9.459418083358778900e-03 -2.987044414491603073e-01 -2.094726562500000000e-01 6.225585937500000000e-02 9.902343750000000000e-01
5.470000000000000000e+02 1.598774887328244243e-02 4.529862180763358226e-03 -3.008361412989313255e-01 -1.691894531250000000e-01 -3.139648437500000000e-01 1.020263671875000000e+00
5.480000000000000000e+02 1.252373661740457944e-02 8.260336917862595024e-03 -2.975053602836641442e-01 -9.545898437500000000e-02 1.074218750000000000e-01 9.787597656250000000e-01
5.490000000000000000e+02 1.412251150473282403e-02 4.796324661984732902e-03 -2.943078105090076169e-01 -1.594238281250000000e-01 -8.862304687500000000e-02 1.027587890625000000e+00
5.500000000000000000e+02 1.252373661740457944e-02 6.528330789923664397e-03 -2.937748855465648901e-01 -1.552734375000000000e-01 4.589843750000000000e-02 1.025878906250000000e+00
5.510000000000000000e+02 1.412251150473282403e-02 6.261868308702289720e-03 -2.919096481780152907e-01 -1.481933593750000000e-01 -2.197265625000000000e-03 1.019775390625000000e+00
5.520000000000000000e+02 1.425574274534351267e-02 6.261868308702289720e-03 -2.919096481780152907e-01 -1.828613281250000000e-01 -1.169433593750000000e-01 1.012207031250000000e+00
5.530000000000000000e+02 1.185758041435114492e-02 4.663093421374045998e-03 -2.900444108094656359e-01 -2.016601562500000000e-01 4.736328125000000000e-02 1.022460937500000000e+00
5.540000000000000000e+02 1.265696785801526635e-02 8.393568158473283664e-03 -2.844486987038167825e-01 -1.696777343750000000e-01 9.936523437500000000e-02 1.022216796875000000e+00
5.550000000000000000e+02 1.385604902351145022e-02 7.727411955419847406e-03 -2.808514552073282378e-01 -1.340332031250000000e-01 8.715820312500000000e-02 9.934082031250000000e-01
5.560000000000000000e+02 1.239050537679389254e-02 5.329249624427481388e-03 -2.733905057331297850e-01 -8.740234375000000000e-02 -1.157226562500000000e-01 1.049804687500000000e+00
