1.000000000000000000e+00 -6.488361417740458326e-02 2.677947936274809038e-02 -1.438897398595419957e-02 5.688476562500000000e-02 -2.441406250000000000e-03 1.009521484375000000e+00
2.000000000000000000e+00 -6.728177650839695101e-02 2.398162330992366711e-02 -1.545482391083969481e-02 5.786132812500000000e-02 -3.662109375000000000e-03 1.015869140625000000e+00
3.000000000000000000e+00 -6.781470147083969169e-02 2.118376725709923691e-02 -1.918529864793893161e-02 4.809570312500000000e-02 -3.173828125000000000e-03 1.025390625000000000e+00
4.000000000000000000e+00 -6.475038293679390156e-02 2.171669221954198453e-02 -1.665390507633587869e-02 6.591796875000000000e-02 -1.464843750000000000e-03 1.021240234375000000e+00
5.000000000000000000e+00 -6.594946410229007849e-02 2.344869834748091603e-02 -1.612098011389313107e-02 6.127929687500000000e-02 -5.126953125000000000e-03 1.016113281250000000e+00
6.000000000000000000e+00 -6.395099549312976972e-02 2.438131703175572609e-02 -1.598774887328244243e-02 7.666015625000000000e-02 -2.197265625000000000e-03 1.014404296875000000e+00
7.000000000000000000e+00 -6.621592658351145577e-02 2.531393571603053269e-02 -1.958499236977099059e-02 6.616210937500000000e-02 -7.324218750000000000e-03 1.014892578125000000e+00
8.000000000000000000e+00 -6.488361417740458326e-02 2.158346097893129936e-02 -1.851914244488549882e-02 6.591796875000000000e-02 -2.685546875000000000e-03 1.022705078125000000e+00
9.000000000000000000e+00 -6.541653913984733781e-02 1.945176112916030542e-02 -1.825267996366412501e-02 5.761718750000000000e-02 -5.615234375000000000e-03 1.014160156250000000e+00
1.000000000000000000e+01 -6.421745797435114700e-02 2.224961718198473215e-02 -1.492189894839694546e-02 5.761718750000000000e-02 -2.441406250000000000e-03 1.025146484375000000e+00
1.100000000000000000e+01 -6.435068921496182870e-02 2.464777951297709990e-02 -1.612098011389313107e-02 6.201171875000000000e-02 -6.347656250000000000e-03 1.015380859375000000e+00
1.200000000000000000e+01 -6.461715169618320598e-02 2.091730477587786310e-02 -1.652067383572519005e-02 6.152343750000000000e-02 2.197265625000000000e-03 1.020263671875000000e+00
1.300000000000000000e+01 -3.464012255877862295e-02 2.078407353526717447e-02 -1.425574274534351267e-02 5.786132812500000000e-02 -3.417968750000000000e-03 1.017333984375000000e+00
1.400000000000000000e+01 -6.661562030534351475e-02 2.611332315969465759e-02 -1.771975500122137392e-02 6.274414062500000000e-02 -1.464843750000000000e-03 1.018798828125000000e+00
1.500000000000000000e+01 -6.954670759877862318e-02 2.398162330992366711e-02 -1.811944872305343290e-02 6.152343750000000000e-02 -9.765625000000000000e-04 1.016357421875000000e+00
1.600000000000000000e+01 -6.621592658351145577e-02 2.984379789679389092e-02 -1.678713631694656733e-02 6.079101562500000000e-02 -7.324218750000000000e-03 1.026611328125000000e+00
1.700000000000000000e+01 -6.754823898961831441e-02 2.291577338503816841e-02 -1.771975500122137392e-02 5.883789062500000000e-02 -1.953125000000000000e-03 1.025146484375000000e+00
1.800000000000000000e+01 -6.501684541801526496e-02 2.224961718198473215e-02 -1.598774887328244243e-02 6.103515625000000000e-02 -2.441406250000000000e-03 1.011474609375000000e+00
1.900000000000000000e+01 -6.435068921496182870e-02 2.571362943786259514e-02 -1.572128639206106862e-02 6.518554687500000000e-02 2.441406250000000000e-03 1.021240234375000000e+00
2.000000000000000000e+01 -6.408422673374045142e-02 2.291577338503816841e-02 -1.758652376061068529e-02 6.347656250000000000e-02 -9.521484375000000000e-03 1.028076171875000000e+00
2.100000000000000000e+01 -6.435068921496182870e-02 2.358192958809160120e-02 -1.825267996366412501e-02 7.788085937500000000e-02 -9.765625000000000000e-04 1.019042968750000000e+00
2.200000000000000000e+01 -6.848085767389312795e-02 2.171669221954198453e-02 -1.865237368549618399e-02 5.810546875000000000e-02 -9.033203125000000000e-03 1.006835937500000000e+00
2.300000000000000000e+01 -6.634915782412213747e-02 2.291577338503816841e-02 -1.465543646717557165e-02 6.567382812500000000e-02 -4.882812500000000000e-03 1.004150390625000000e+00
2.400000000000000000e+01 -6.528330789923664224e-02 2.504747323480915888e-02 -1.625421135450381624e-02 6.298828125000000000e-02 2.441406250000000000e-04 1.027343750000000000e+00
2.500000000000000000e+01 -6.501684541801526496e-02 2.278254214442748324e-02 -1.678713631694656733e-02 7.543945312500000000e-02 -1.708984375000000000e-03 1.038818359375000000e+00
2.600000000000000000e+01 -6.634915782412213747e-02 2.278254214442748324e-02 -1.638744259511450488e-02 5.981445312500000000e-02 9.765625000000000000e-04 1.011230468750000000e+00
2.700000000000000000e+01 -6.581623286167938292e-02 2.438131703175572609e-02 -1.811944872305343290e-02 6.518554687500000000e-02 -5.615234375000000000e-03 1.022216796875000000e+00
2.800000000000000000e+01 -6.155283316213740197e-02 2.011791733221374168e-02 -1.745329252000000012e-02 6.933593750000000000e-02 -2.441406250000000000e-03 1.013427734375000000e+00
2.900000000000000000e+01 -6.594946410229007849e-02 2.837825425007633323e-02 -1.971822361038168270e-02 6.323242187500000000e-02 -1.464843750000000000e-03 1.016357421875000000e+00
3.000000000000000000e+01 -6.501684541801526496e-02 2.584686067847328378e-02 -1.492189894839694546e-02 5.932617187500000000e-02 -5.615234375000000000e-03 1.013671875000000000e+00
3.100000000000000000e+01 -6.967993883938931876e-02 2.571362943786259514e-02 -1.851914244488549882e-02 6.176757812500000000e-02 -1.489257812500000000e-02 1.019287109375000000e+00
3.200000000000000000e+01 -6.541653913984733781e-02 2.344869834748091603e-02 -1.811944872305343290e-02 6.372070312500000000e-02 -5.859375000000000000e-03 1.024658203125000000e+00
3.300000000000000000e+01 -6.355130177129771074e-02 2.464777951297709990e-02 -1.585451763267175379e-02 4.711914062500000000e-02 -3.173828125000000000e-03 1.014160156250000000e+00
3.400000000000000000e+01 -6.581623286167938292e-02 2.344869834748091603e-02 -2.078407353526717447e-02 7.690429687500000000e-02 -8.544921875000000000e-03 1.019531250000000000e+00
3.500000000000000000e+01 -6.248545184641221550e-02 2.051761105404580066e-02 -1.492189894839694546e-02 6.323242187500000000e-02 9.765625000000000000e-03 1.000244140625000000e+00
3.600000000000000000e+01 -6.661562030534351475e-02 2.171669221954198453e-02 -1.785298624183205909e-02 6.079101562500000000e-02 -8.056640625000000000e-03 1.010498046875000000e+00
3.700000000000000000e+01 -6.554977038045801951e-02 2.304900462564885705e-02 -2.131699849770992555e-02 5.957031250000000000e-02 1.220703125000000000e-03 1.019042968750000000e+00
3.800000000000000000e+01 -6.461715169618320598e-02 2.091730477587786310e-02 -1.598774887328244243e-02 6.030273437500000000e-02 -7.812500000000000000e-03 1.008789062500000000e+00
3.900000000000000000e+01 -6.728177650839695101e-02 2.518070447541984752e-02 -1.572128639206106862e-02 5.639648437500000000e-02 -6.591796875000000000e-03 1.003906250000000000e+00
4.000000000000000000e+01 -6.461715169618320598e-02 2.344869834748091603e-02 -1.425574274534351267e-02 6.640625000000000000e-02 -5.615234375000000000e-03 1.020019531250000000e+00
4.100000000000000000e+01 -6.634915782412213747e-02 2.518070447541984752e-02 -1.638744259511450488e-02 5.834960937500000000e-02 -2.685546875000000000e-03 1.005371093750000000e+00
4.200000000000000000e+01 -6.381776425251908802e-02 2.211638594137404351e-02 -1.865237368549618399e-02 4.833984375000000000e-02 -3.173828125000000000e-03 1.025390625000000000e+00
4.300000000000000000e+01 -6.754823898961831441e-02 2.478101075358778507e-02 -1.825267996366412501e-02 6.176757812500000000e-02 -5.859375000000000000e-03 1.014648437500000000e+00
4.400000000000000000e+01 -6.728177650839695101e-02 2.211638594137404351e-02 -1.678713631694656733e-02 7.666015625000000000e-02 7.324218750000000000e-04 1.002197265625000000e+00
4.500000000000000000e+01 -6.421745797435114700e-02 2.411485455053435228e-02 -1.838591120427481018e-02 6.201171875000000000e-02 6.835937500000000000e-03 1.021240234375000000e+00
4.600000000000000000e+01 -6.634915782412213747e-02 2.171669221954198453e-02 -1.758652376061068529e-02 6.250000000000000000e-02 2.441406250000000000e-04 1.010986328125000000e+00
4.700000000000000000e+01 -6.435068921496182870e-02 2.531393571603053269e-02 -1.612098011389313107e-02 6.567382812500000000e-02 -4.882812500000000000e-03 1.010009765625000000e+00
4.800000000000000000e+01 -6.648238906473281917e-02 2.478101075358778507e-02 -2.051761105404580066e-02 6.567382812500000000e-02 -9.765625000000000000e-04 1.014160156250000000e+00
4.900000000000000000e+01 -6.328483929007633346e-02 2.531393571603053269e-02 -1.798621748244274773e-02 5.981445312500000000e-02 3.417968750000000000e-03 1.014892578125000000e+00
5.000000000000000000e+01 -6.488361417740458326e-02 2.371516082870228984e-02 -1.385604902351145022e-02 5.761718750000000000e-02 -4.638671875000000000e-03 1.019287109375000000e+00
5.100000000000000000e+01 -6.808116395206106897e-02 2.278254214442748324e-02 -1.705359879816793767e-02 6.567382812500000000e-02 -5.859375000000000000e-03 1.021484375000000000e+00
5.200000000000000000e+01 -6.288514556824427448e-02 2.291577338503816841e-02 -1.558805515145038172e-02 7.519531250000000000e-02 -1.220703125000000000e-03 1.009277343750000000e+00
5.300000000000000000e+01 -6.794793271145038727e-02 2.704594184396946766e-02 -1.851914244488549882e-02 6.030273437500000000e-02 2.441406250000000000e-04 1.003906250000000000e+00
5.400000000000000000e+01 -6.341807053068701516e-02 2.344869834748091603e-02 -1.532159267022900791e-02 6.152343750000000000e-02 -7.080078125000000000e-03 1.010498046875000000e+00
5.500000000000000000e+01 -6.874732015511450522e-02 2.304900462564885705e-02 -1.705359879816793767e-02 6.689453125000000000e-02 -4.394531250000000000e-03 1.000244140625000000e+00
5.600000000000000000e+01 -6.501684541801526496e-02 2.464777951297709990e-02 -1.532159267022900791e-02 6.494140625000000000e-02 2.441406250000000000e-04 1.008056640625000000e+00
5.700000000000000000e+01 -6.568300162106870121e-02 2.065084229465648930e-02 -1.625421135450381624e-02 6.054687500000000000e-02 1.220703125000000000e-03 1.022460937500000000e+00
5.800000000000000000e+01 -6.541653913984733781e-02 2.304900462564885705e-02 -1.398928026412213713e-02 5.712890625000000000e-02 -2.929687500000000000e-03 1.019287109375000000e+00
5.900000000000000000e+01 -6.648238906473281917e-02 2.544716695664122480e-02 -1.612098011389313107e-02 6.469726562500000000e-02 -9.277343750000000000e-03 1.008544921875000000e+00
6.000000000000000000e+01 -6.581623286167938292e-02 2.624655440030534276e-02 -1.625421135450381624e-02 6.665039062500000000e-02 -3.906250000000000000e-03 1.024658203125000000e+00
6.100000000000000000e+01 -1.012557428641221308e-01 2.131699849770992555e-02 -1.971822361038168270e-02 6.420898437500000000e-02 -3.662109375000000000e-03 1.022705078125000000e+00
6.200000000000000000e+01 -6.501684541801526496e-02 2.518070447541984752e-02 -1.891883616671755780e-02 5.712890625000000000e-02 -1.245117187500000000e-02 1.017578125000000000e+00
6.300000000000000000e+01 -6.528330789923664224e-02 1.958499236977099059e-02 -1.665390507633587869e-02 6.054687500000000000e-02 -5.859375000000000000e-03 1.017089843750000000e+00
6.400000000000000000e+01 -6.594946410229007849e-02 2.531393571603053269e-02 -1.931852988854961678e-02 4.687500000000000000e-02 -2.929687500000000000e-03 1.015625000000000000e+00
6.500000000000000000e+01 -6.554977038045801951e-02 2.518070447541984752e-02 -1.425574274534351267e-02 6.079101562500000000e-02 4.638671875000000000e-03 1.015380859375000000e+00
6.600000000000000000e+01 -6.594946410229007849e-02 2.438131703175572609e-02 -1.438897398595419957e-02 6.689453125000000000e-02 -2.197265625000000000e-03 1.024902343750000000e+00
6.700000000000000000e+01 -6.674885154595419645e-02 2.224961718198473215e-02 -1.678713631694656733e-02 6.640625000000000000e-02 -9.277343750000000000e-03 1.021484375000000000e+00
6.800000000000000000e+01 -3.437366007755725261e-02 2.677947936274809038e-02 -1.891883616671755780e-02 6.347656250000000000e-02 -2.929687500000000000e-03 1.016113281250000000e+00
6.900000000000000000e+01 -6.728177650839695101e-02 2.384839206931297501e-02 -1.332312406106870260e-02 5.810546875000000000e-02 -9.765625000000000000e-04 1.019775390625000000e+00
7.000000000000000000e+01 -6.768147023022900999e-02 2.331546710687022739e-02 -1.572128639206106862e-02 6.445312500000000000e-02 -2.685546875000000000e-03 1.017822265625000000e+00
7.100000000000000000e+01 -6.648238906473281917e-02 2.598009191908396895e-02 -1.625421135450381624e-02 5.932617187500000000e-02 8.056640625000000000e-03 1.024658203125000000e+00
7.200000000000000000e+01 -6.821439519267175067e-02 2.145022973832061072e-02 -1.492189894839694546e-02 5.908203125000000000e-02 -3.417968750000000000e-03 1.022705078125000000e+00
7.300000000000000000e+01 -6.168606440274809061e-02 2.371516082870228984e-02 -1.638744259511450488e-02 6.518554687500000000e-02 -4.150390625000000000e-03 1.023193359375000000e+00
7.400000000000000000e+01 -6.488361417740458326e-02 2.224961718198473215e-02 -1.625421135450381624e-02 7.055664062500000000e-02 1.269531250000000000e-02 1.021240234375000000e+00
7.500000000000000000e+01 -6.661562030534351475e-02 2.664624812213740521e-02 -1.572128639206106862e-02 6.494140625000000000e-02 4.882812500000000000e-04 1.028076171875000000e+00
7.600000000000000000e+01 -6.475038293679390156e-02 2.438131703175572609e-02 -1.425574274534351267e-02 6.054687500000000000e-02 -5.371093750000000000e-03 1.021484375000000000e+00
7.700000000000000000e+01 -6.594946410229007849e-02 2.518070447541984752e-02 -1.732006127938931148e-02 6.640625000000000000e-02 -2.685546875000000000e-03 1.013671875000000000e+00
7.800000000000000000e+01 -6.528330789923664224e-02 2.131699849770992555e-02 -1.518836142961832100e-02 6.713867187500000000e-02 -6.835937500000000000e-03 1.029541015625000000e+00
7.900000000000000000e+01 -6.435068921496182870e-02 2.637978564091603140e-02 -1.505513018900763410e-02 6.591796875000000000e-02 7.324218750000000000e-04 1.015869140625000000e+00
8.000000000000000000e+01 -6.754823898961831441e-02 2.518070447541984752e-02 -1.678713631694656733e-02 6.323242187500000000e-02 -6.835937500000000000e-03 1.022460937500000000e+00
8.100000000000000000e+01 -6.328483929007633346e-02 2.464777951297709990e-02 -1.718683003877862631e-02 7.739257812500000000e-02 1.953125000000000000e-03 1.000976562500000000e+00
8.200000000000000000e+01 -6.621592658351145577e-02 2.398162330992366711e-02 -1.505513018900763410e-02 5.664062500000000000e-02 -4.150390625000000000e-03 1.021240234375000000e+00
8.300000000000000000e+01 -6.648238906473281917e-02 2.158346097893129936e-02 -1.425574274534351267e-02 6.030273437500000000e-02 -1.708984375000000000e-03 1.018310546875000000e+00
8.400000000000000000e+01 -6.408422673374045142e-02 2.398162330992366711e-02 -1.931852988854961678e-02 4.833984375000000000e-02 -6.347656250000000000e-03 1.030273437500000000e+00
8.500000000000000000e+01 -6.541653913984733781e-02 2.584686067847328378e-02 -1.372281778290076332e-02 6.372070312500000000e-02 -9.765625000000000000e-03 1.016845703125000000e+00
8.600000000000000000e+01 -6.501684541801526496e-02 2.145022973832061072e-02 -1.518836142961832100e-02 4.736328125000000000e-02 -9.277343750000000000e-03 1.018798828125000000e+00
8.700000000000000000e+01 -6.368453301190839244e-02 2.344869834748091603e-02 -1.665390507633587869e-02 5.737304687500000000e-02 -2.441406250000000000e-04 1.014648437500000000e+00
8.800000000000000000e+01 -1.021883615483969443e-01 2.251607966320610943e-02 -1.532159267022900791e-02 5.908203125000000000e-02 -3.173828125000000000e-03 1.009277343750000000e+00
8.900000000000000000e+01 -6.754823898961831441e-02 2.731240432519084146e-02 -1.732006127938931148e-02 6.054687500000000000e-02 3.417968750000000000e-03 1.011474609375000000e+00
9.000000000000000000e+01 -6.621592658351145577e-02 2.424808579114504092e-02 -1.785298624183205909e-02 7.592773437500000000e-02 9.277343750000000000e-03 1.014892578125000000e+00
9.100000000000000000e+01 -6.448392045557252428e-02 2.811179176885495942e-02 -1.585451763267175379e-02 6.201171875000000000e-02 -3.173828125000000000e-03 1.025634765625000000e+00
9.200000000000000000e+01 -6.408422673374045142e-02 2.398162330992366711e-02 -1.945176112916030542e-02 6.298828125000000000e-02 -6.347656250000000000e-03 1.008300781250000000e+00
9.300000000000000000e+01 -1.021883615483969443e-01 2.278254214442748324e-02 -1.865237368549618399e-02 7.690429687500000000e-02 -5.371093750000000000e-03 1.025390625000000000e+00
9.400000000000000000e+01 -6.648238906473281917e-02 2.478101075358778507e-02 -1.838591120427481018e-02 6.518554687500000000e-02 1.708984375000000000e-03 1.019531250000000000e+00
9.500000000000000000e+01 -6.621592658351145577e-02 2.344869834748091603e-02 -1.865237368549618399e-02 6.030273437500000000e-02 -1.464843750000000000e-03 1.019042968750000000e+00
9.600000000000000000e+01 -6.621592658351145577e-02 2.105053601648854827e-02 -1.798621748244274773e-02 6.201171875000000000e-02 1.220703125000000000e-03 1.021484375000000000e+00
9.700000000000000000e+01 -6.435068921496182870e-02 2.184992346015267317e-02 -1.718683003877862631e-02 6.591796875000000000e-02 -7.568359375000000000e-03 1.019287109375000000e+00
9.800000000000000000e+01 -6.674885154595419645e-02 2.171669221954198453e-02 -1.905206740732824297e-02 6.298828125000000000e-02 -4.638671875000000000e-03 1.025878906250000000e+00
9.900000000000000000e+01 -6.328483929007633346e-02 2.451454827236641126e-02 -1.598774887328244243e-02 7.080078125000000000e-02 -1.464843750000000000e-03 1.016357421875000000e+00
1.000000000000000000e+02 -6.768147023022900999e-02 2.131699849770992555e-02 -1.398928026412213713e-02 6.689453125000000000e-02 0.000000000000000000e+00 1.018066406250000000e+00
1.010000000000000000e+02 -6.475038293679390156e-02 2.304900462564885705e-02 -1.492189894839694546e-02 6.445312500000000000e-02 5.126953125000000000e-03 1.020996093750000000e+00
1.020000000000000000e+02 -6.368453301190839244e-02 2.198315470076335834e-02 -1.598774887328244243e-02 5.688476562500000000e-02 -2.685546875000000000e-03 1.018798828125000000e+00
1.030000000000000000e+02 -6.661562030534351475e-02 2.411485455053435228e-02 -1.425574274534351267e-02 6.274414062500000000e-02 2.685546875000000000e-03 1.017578125000000000e+00
1.040000000000000000e+02 -6.528330789923664224e-02 2.358192958809160120e-02 -1.385604902351145022e-02 6.274414062500000000e-02 -4.394531250000000000e-03 1.015625000000000000e+00
1.050000000000000000e+02 -6.501684541801526496e-02 1.825267996366412501e-02 -1.585451763267175379e-02 6.201171875000000000e-02 -3.417968750000000000e-03 1.022460937500000000e+00
1.060000000000000000e+02 -6.488361417740458326e-02 2.677947936274809038e-02 -1.505513018900763410e-02 6.323242187500000000e-02 -2.685546875000000000e-03 1.025146484375000000e+00
1.070000000000000000e+02 -6.221898936519083823e-02 1.971822361038168270e-02 -1.585451763267175379e-02 5.737304687500000000e-02 -9.765625000000000000e-04 1.016845703125000000e+00
1.080000000000000000e+02 -6.381776425251908802e-02 2.318223586625954222e-02 -1.678713631694656733e-02 5.883789062500000000e-02 -2.685546875000000000e-03 1.013671875000000000e+00
1.090000000000000000e+02 -6.594946410229007849e-02 2.384839206931297501e-02 -1.612098011389313107e-02 6.250000000000000000e-02 -5.859375000000000000e-03 1.018066406250000000e+00
1.100000000000000000e+02 -6.674885154595419645e-02 2.371516082870228984e-02 -1.652067383572519005e-02 6.396484375000000000e-02 -4.882812500000000000e-04 1.016113281250000000e+00
1.110000000000000000e+02 -6.528330789923664224e-02 2.358192958809160120e-02 -1.558805515145038172e-02 6.250000000000000000e-02 -6.835937500000000000e-03 1.022949218750000000e+00
1.120000000000000000e+02 -6.714854526778626931e-02 2.158346097893129936e-02 -1.438897398595419957e-02 5.810546875000000000e-02 -2.441406250000000000e-03 1.022216796875000000e+00
1.130000000000000000e+02 -6.515007665862594666e-02 2.598009191908396895e-02 -1.492189894839694546e-02 5.224609375000000000e-02 -1.220703125000000000e-03 1.020263671875000000e+00
1.140000000000000000e+02 -6.621592658351145577e-02 2.184992346015267317e-02 -1.425574274534351267e-02 6.054687500000000000e-02 -3.417968750000000000e-03 1.022216796875000000e+00
1.150000000000000000e+02 -6.248545184641221550e-02 2.131699849770992555e-02 -1.745329252000000012e-02 4.956054687500000000e-02 -2.929687500000000000e-03 1.020019531250000000e+00
1.160000000000000000e+02 -6.488361417740458326e-02 1.798621748244274773e-02 -1.718683003877862631e-02 6.152343750000000000e-02 -7.324218750000000000e-04 1.012207031250000000e+00
1.170000000000000000e+02 -6.448392045557252428e-02 2.145022973832061072e-02 -1.705359879816793767e-02 6.298828125000000000e-02 -4.882812500000000000e-04 1.018554687500000000e+00
1.180000000000000000e+02 -6.594946410229007849e-02 2.384839206931297501e-02 -1.825267996366412501e-02 6.347656250000000000e-02 -5.859375000000000000e-03 1.015625000000000000e+00
1.190000000000000000e+02 -6.808116395206106897e-02 2.424808579114504092e-02 -1.851914244488549882e-02 6.420898437500000000e-02 -6.591796875000000000e-03 1.020507812500000000e+00
1.200000000000000000e+02 -6.381776425251908802e-02 2.211638594137404351e-02 -1.505513018900763410e-02 5.932617187500000000e-02 -3.173828125000000000e-03 1.013427734375000000e+00
1.210000000000000000e+02 -6.568300162106870121e-02 2.158346097893129936e-02 -1.625421135450381624e-02 6.030273437500000000e-02 -7.568359375000000000e-03 1.010986328125000000e+00
1.220000000000000000e+02 -6.328483929007633346e-02 2.504747323480915888e-02 -1.452220522656488648e-02 6.298828125000000000e-02 -5.126953125000000000e-03 1.028808593750000000e+00
1.230000000000000000e+02 -6.728177650839695101e-02 2.331546710687022739e-02 -1.545482391083969481e-02 6.030273437500000000e-02 -4.638671875000000000e-03 1.001464843750000000e+00
1.240000000000000000e+02 -6.395099549312976972e-02 2.371516082870228984e-02 -1.931852988854961678e-02 7.470703125000000000e-02 5.615234375000000000e-03 1.020019531250000000e+00
1.250000000000000000e+02 -6.661562030534351475e-02 2.451454827236641126e-02 -1.692036755755725250e-02 6.494140625000000000e-02 -1.953125000000000000e-03 1.020019531250000000e+00
1.260000000000000000e+02 -6.568300162106870121e-02 2.331546710687022739e-02 -1.612098011389313107e-02 6.689453125000000000e-02 1.025390625000000000e-02 1.025146484375000000e+00
1.270000000000000000e+02 -6.674885154595419645e-02 2.065084229465648930e-02 -1.758652376061068529e-02 6.005859375000000000e-02 4.882812500000000000e-04 1.023193359375000000e+00
1.280000000000000000e+02 -6.528330789923664224e-02 2.211638594137404351e-02 -1.492189894839694546e-02 6.469726562500000000e-02 -2.197265625000000000e-03 1.020996093750000000e+00
1.290000000000000000e+02 -6.421745797435114700e-02 2.491424199419847371e-02 -1.745329252000000012e-02 6.054687500000000000e-02 2.197265625000000000e-03 1.001953125000000000e+00
1.300000000000000000e+02 -7.047932628305343672e-02 2.291577338503816841e-02 -1.425574274534351267e-02 6.420898437500000000e-02 -1.953125000000000000e-03 1.019775390625000000e+00
1.310000000000000000e+02 -6.408422673374045142e-02 2.318223586625954222e-02 -1.452220522656488648e-02 7.714843750000000000e-02 -3.173828125000000000e-03 1.014404296875000000e+00
1.320000000000000000e+02 -6.554977038045801951e-02 2.598009191908396895e-02 -1.878560492610686916e-02 6.420898437500000000e-02 -5.371093750000000000e-03 1.019042968750000000e+00
1.330000000000000000e+02 -6.275191432763359278e-02 2.251607966320610943e-02 -1.931852988854961678e-02 6.884765625000000000e-02 -4.394531250000000000e-03 1.018066406250000000e+00
1.340000000000000000e+02 -6.341807053068701516e-02 2.451454827236641126e-02 -1.652067383572519005e-02 5.468750000000000000e-02 -7.324218750000000000e-03 1.021240234375000000e+00
1.350000000000000000e+02 -6.768147023022900999e-02 2.371516082870228984e-02 -1.838591120427481018e-02 6.689453125000000000e-02 -3.906250000000000000e-03 1.012207031250000000e+00
1.360000000000000000e+02 -6.448392045557252428e-02 2.145022973832061072e-02 -1.425574274534351267e-02 6.445312500000000000e-02 2.197265625000000000e-03 1.016357421875000000e+00
1.370000000000000000e+02 -6.488361417740458326e-02 2.358192958809160120e-02 -1.558805515145038172e-02 6.372070312500000000e-02 3.662109375000000000e-03 1.015625000000000000e+00
1.380000000000000000e+02 -3.437366007755725261e-02 2.038437981343511549e-02 -1.625421135450381624e-02 6.372070312500000000e-02 -3.417968750000000000e-03 1.019531250000000000e+00
1.390000000000000000e+02 -6.741500774900763271e-02 2.651301688152671657e-02 -1.465543646717557165e-02 6.469726562500000000e-02 -8.789062500000000000e-03 1.017333984375000000e+00
1.400000000000000000e+02 -6.674885154595419645e-02 2.344869834748091603e-02 -1.585451763267175379e-02 5.932617187500000000e-02 -1.391601562500000000e-02 1.005371093750000000e+00
1.410000000000000000e+02 -6.888055139572518693e-02 2.158346097893129936e-02 -1.438897398595419957e-02 5.737304687500000000e-02 4.638671875000000000e-03 1.016601562500000000e+00
1.420000000000000000e+02 -6.261868308702289720e-02 2.211638594137404351e-02 -1.478866770778625855e-02 6.176757812500000000e-02 3.662109375000000000e-03 1.016113281250000000e+00
1.430000000000000000e+02 -6.594946410229007849e-02 2.291577338503816841e-02 -1.585451763267175379e-02 6.079101562500000000e-02 -1.391601562500000000e-02 1.009277343750000000e+00
1.440000000000000000e+02 -6.475038293679390156e-02 2.091730477587786310e-02 -1.478866770778625855e-02 5.224609375000000000e-02 1.025390625000000000e-02 1.017822265625000000e+00
1.450000000000000000e+02 -6.861408891450382352e-02 2.611332315969465759e-02 -1.612098011389313107e-02 5.712890625000000000e-02 -2.197265625000000000e-03 1.023925781250000000e+00
1.460000000000000000e+02 -3.450689131816794125e-02 2.264931090381679460e-02 -1.585451763267175379e-02 6.274414062500000000e-02 -4.882812500000000000e-04 1.016601562500000000e+00
1.470000000000000000e+02 -1.023215927890076399e-01 2.637978564091603140e-02 -1.971822361038168270e-02 6.103515625000000000e-02 -3.662109375000000000e-03 1.027099609375000000e+00
1.480000000000000000e+02 -6.395099549312976972e-02 2.584686067847328378e-02 -1.811944872305343290e-02 5.664062500000000000e-02 -1.098632812500000000e-02 1.020507812500000000e+00
1.490000000000000000e+02 -6.501684541801526496e-02 2.331546710687022739e-02 -1.758652376061068529e-02 6.909179687500000000e-02 -2.197265625000000000e-03 1.001708984375000000e+00
1.500000000000000000e+02 -6.515007665862594666e-02 2.571362943786259514e-02 -1.652067383572519005e-02 5.737304687500000000e-02 -8.300781250000000000e-03 1.027343750000000000e+00
1.510000000000000000e+02 -6.395099549312976972e-02 2.624655440030534276e-02 -1.665390507633587869e-02 5.688476562500000000e-02 -5.615234375000000000e-03 1.031005859375000000e+00
1.520000000000000000e+02 -6.528330789923664224e-02 2.478101075358778507e-02 -1.851914244488549882e-02 6.298828125000000000e-02 -2.441406250000000000e-03 1.019042968750000000e+00
1.530000000000000000e+02 -6.728177650839695101e-02 2.451454827236641126e-02 -1.558805515145038172e-02 6.274414062500000000e-02 2.441406250000000000e-03 1.019531250000000000e+00
1.540000000000000000e+02 -6.141960192152672027e-02 2.757886680641221527e-02 -1.745329252000000012e-02 5.810546875000000000e-02 9.765625000000000000e-04 1.024902343750000000e+00
1.550000000000000000e+02 -6.195252688396946789e-02 2.331546710687022739e-02 -1.785298624183205909e-02 5.273437500000000000e-02 1.049804687500000000e-02 1.015380859375000000e+00
1.560000000000000000e+02 -6.475038293679390156e-02 2.478101075358778507e-02 -1.758652376061068529e-02 6.567382812500000000e-02 -2.197265625000000000e-03 1.016113281250000000e+00
1.570000000000000000e+02 -6.448392045557252428e-02 2.464777951297709990e-02 -1.572128639206106862e-02 6.347656250000000000e-02 -5.371093750000000000e-03 1.023925781250000000e+00
1.580000000000000000e+02 -6.581623286167938292e-02 2.384839206931297501e-02 -1.718683003877862631e-02 5.786132812500000000e-02 -6.103515625000000000e-03 1.019775390625000000e+00
1.590000000000000000e+02 -6.781470147083969169e-02 2.491424199419847371e-02 -2.051761105404580066e-02 6.616210937500000000e-02 -1.708984375000000000e-03 1.016845703125000000e+00
1.600000000000000000e+02 -6.781470147083969169e-02 2.264931090381679460e-02 -1.918529864793893161e-02 6.420898437500000000e-02 -9.277343750000000000e-03 1.019531250000000000e+00
1.610000000000000000e+02 -6.515007665862594666e-02 2.158346097893129936e-02 -2.038437981343511549e-02 6.225585937500000000e-02 -1.074218750000000000e-02 1.024902343750000000e+00
1.620000000000000000e+02 -6.674885154595419645e-02 2.384839206931297501e-02 -2.304900462564885705e-02 6.567382812500000000e-02 -1.318359375000000000e-02 1.023437500000000000e+00
1.630000000000000000e+02 -6.381776425251908802e-02 2.251607966320610943e-02 -2.717917308458015282e-02 6.591796875000000000e-02 -8.056640625000000000e-03 1.020263671875000000e+00
1.640000000000000000e+02 -6.475038293679390156e-02 2.411485455053435228e-02 -2.811179176885495942e-02 7.348632812500000000e-02 -1.245117187500000000e-02 1.020019531250000000e+00
1.650000000000000000e+02 -6.435068921496182870e-02 2.504747323480915888e-02 -2.891117921251908432e-02 6.152343750000000000e-02 -5.615234375000000000e-03 1.017578125000000000e+00
1.660000000000000000e+02 -6.475038293679390156e-02 2.371516082870228984e-02 -4.090199086748091961e-02 6.347656250000000000e-02 -1.635742187500000000e-02 1.020019531250000000e+00
1.670000000000000000e+02 -6.581623286167938292e-02 2.078407353526717447e-02 -4.183460955175572621e-02 5.395507812500000000e-02 -9.765625000000000000e-04 1.020019531250000000e+00
1.680000000000000000e+02 -6.408422673374045142e-02 2.291577338503816841e-02 -4.822970910106870457e-02 6.225585937500000000e-02 -5.126953125000000000e-03 1.010253906250000000e+00
1.690000000000000000e+02 -6.714854526778626931e-02 2.264931090381679460e-02 -5.582388981587786680e-02 6.152343750000000000e-02 -3.906250000000000000e-03 1.020996093750000000e+00
1.700000000000000000e+02 -6.808116395206106897e-02 2.571362943786259514e-02 -5.928790207175572979e-02 7.519531250000000000e-02 -2.587890625000000000e-02 1.031005859375000000e+00
1.710000000000000000e+02 -6.581623286167938292e-02 2.371516082870228984e-02 -6.821439519267175067e-02 6.372070312500000000e-02 -9.033203125000000000e-03 1.025390625000000000e+00
1.720000000000000000e+02 -6.501684541801526496e-02 2.318223586625954222e-02 -7.620826962931297188e-02 4.907226562500000000e-02 -1.513671875000000000e-02 1.021972656250000000e+00
1.730000000000000000e+02 -6.714854526778626931e-02 2.251607966320610943e-02 -7.594180714809160848e-02 6.176757812500000000e-02 -1.123046875000000000e-02 1.013183593750000000e+00
1.740000000000000000e+02 -6.355130177129771074e-02 2.158346097893129936e-02 -8.593415019389313847e-02 6.542968750000000000e-02 -2.441406250000000000e-03 1.024414062500000000e+00
1.750000000000000000e+02 -6.701531402717557373e-02 2.251607966320610943e-02 -9.645941820213740914e-02 6.494140625000000000e-02 -2.880859375000000000e-02 1.019531250000000000e+00
1.760000000000000000e+02 -6.594946410229007849e-02 2.278254214442748324e-02 -1.003231241798473311e-01 6.396484375000000000e-02 -2.441406250000000000e-03 1.017089843750000000e+00
1.770000000000000000e+02 -6.128637068091603163e-02 2.131699849770992555e-02 -1.112480859099236608e-01 5.737304687500000000e-02 -2.734375000000000000e-02 1.031005859375000000e+00
1.780000000000000000e+02 -6.754823898961831441e-02 2.411485455053435228e-02 -1.140459419627481014e-01 6.127929687500000000e-02 -1.147460937500000000e-02 1.010498046875000000e+00
1.790000000000000000e+02 -6.661562030534351475e-02 2.304900462564885705e-02 -1.167105667749618325e-01 6.494140625000000000e-02 -1.025390625000000000e-02 1.018066406250000000e+00
1.800000000000000000e+02 -6.581623286167938292e-02 2.051761105404580066e-02 -1.163108730531297735e-01 6.591796875000000000e-02 -2.685546875000000000e-03 1.016601562500000000e+00
1.810000000000000000e+02 -6.408422673374045142e-02 2.171669221954198453e-02 -1.229724350836641222e-01 6.079101562500000000e-02 -8.056640625000000000e-03 1.027832031250000000e+00
1.820000000000000000e+02 -6.235222060580152686e-02 2.131699849770992555e-02 -1.212404289557251907e-01 4.858398437500000000e-02 -1.708984375000000000e-03 1.007080078125000000e+00
1.830000000000000000e+02 -6.634915782412213747e-02 2.224961718198473215e-02 -1.221730476400000043e-01 5.273437500000000000e-02 -3.173828125000000000e-03 1.021728515625000000e+00
1.840000000000000000e+02 -6.461715169618320598e-02 2.411485455053435228e-02 -1.231056663242748039e-01 6.079101562500000000e-02 -4.638671875000000000e-03 1.007324218750000000e+00
1.850000000000000000e+02 -6.754823898961831441e-02 2.065084229465648930e-02 -1.199081165496183321e-01 5.981445312500000000e-02 1.049804687500000000e-02 1.015136718750000000e+00
1.860000000000000000e+02 -6.435068921496182870e-02 2.358192958809160120e-02 -1.388269527163358830e-01 6.542968750000000000e-02 -3.540039062500000000e-02 1.015625000000000000e+00
1.870000000000000000e+02 -6.674885154595419645e-02 2.224961718198473215e-02 -1.425574274534351371e-01 6.616210937500000000e-02 -2.246093750000000000e-02 1.011230468750000000e+00
1.880000000000000000e+02 -6.515007665862594666e-02 1.865237368549618399e-02 -1.481531395590839906e-01 4.736328125000000000e-02 -2.197265625000000000e-02 1.015869140625000000e+00
1.890000000000000000e+02 -6.821439519267175067e-02 1.745329252000000012e-02 -1.508177643712977356e-01 6.225585937500000000e-02 -1.513671875000000000e-02 1.029541015625000000e+00
1.900000000000000000e+02 -6.328483929007633346e-02 1.745329252000000012e-02 -1.553476265520610800e-01 5.957031250000000000e-02 -6.591796875000000000e-03 1.028320312500000000e+00
1.910000000000000000e+02 -6.621592658351145577e-02 2.184992346015267317e-02 -1.488192957621373991e-01 6.933593750000000000e-02 -4.882812500000000000e-04 1.027832031250000000e+00
1.920000000000000000e+02 -6.581623286167938292e-02 1.878560492610686916e-02 -1.541485453865648891e-01 7.617187500000000000e-02 -1.757812500000000000e-02 1.009277343750000000e+00
1.930000000000000000e+02 -6.581623286167938292e-02 1.998468609160305304e-02 -1.673384382070229048e-01 5.810546875000000000e-02 -9.033203125000000000e-03 1.011962890625000000e+00
1.940000000000000000e+02 -6.488361417740458326e-02 2.278254214442748324e-02 -1.874563555392366465e-01 4.736328125000000000e-02 -2.465820312500000000e-02 1.022705078125000000e+00
1.950000000000000000e+02 -6.661562030534351475e-02 1.878560492610686916e-02 -2.045099543374045981e-01 5.908203125000000000e-02 -2.392578125000000000e-02 1.016601562500000000e+00
1.960000000000000000e+02 -6.301837680885497006e-02 2.238284842259541732e-02 -1.713353754253435224e-01 7.519531250000000000e-02 -1.049804687500000000e-02 1.009033203125000000e+00
1.970000000000000000e+02 -6.621592658351145577e-02 2.118376725709923691e-02 -2.102388976836641332e-01 7.739257812500000000e-02 -1.147460937500000000e-02 1.015380859375000000e+00
1.980000000000000000e+02 -6.355130177129771074e-02 2.051761105404580066e-02 -2.053093417810687160e-01 6.445312500000000000e-02 9.521484375000000000e-03 1.030761718750000000e+00
1.990000000000000000e+02 -6.341807053068701516e-02 1.745329252000000012e-02 -1.975819298256488721e-01 4.711914062500000000e-02 -7.812500000000000000e-03 1.020019531250000000e+00
2.000000000000000000e+02 -3.543951000244274785e-02 2.544716695664122480e-02 -1.974486985850381904e-01 6.445312500000000000e-02 -1.733398437500000000e-02 1.017822265625000000e+00
2.010000000000000000e+02 -6.608269534290076019e-02 1.625421135450381624e-02 -1.929188364042748183e-01 5.517578125000000000e-02 1.782226562500000000e-02 1.018310546875000000e+00
2.020000000000000000e+02 -6.115313944030534993e-02 2.025114857282442685e-02 -1.973154673444274809e-01 6.054687500000000000e-02 -1.098632812500000000e-02 1.015136718750000000e+00
2.030000000000000000e+02 -1.017886678265648992e-01 1.678713631694656733e-02 -1.945176112916030542e-01 7.641601562500000000e-02 2.001953125000000000e-02 1.015136718750000000e+00
2.040000000000000000e+02 -6.408422673374045142e-02 2.145022973832061072e-02 -1.925191426824427454e-01 6.396484375000000000e-02 1.416015625000000000e-02 1.028808593750000000e+00
2.050000000000000000e+02 -6.275191432763359278e-02 2.065084229465648930e-02 -2.143690661425954047e-01 5.981445312500000000e-02 -4.052734375000000000e-02 1.022705078125000000e+00
2.060000000000000000e+02 -6.195252688396946789e-02 1.891883616671755780e-02 -2.187656970827480951e-01 5.004882812500000000e-02 -4.345703125000000000e-02 1.016845703125000000e+00
2.070000000000000000e+02 -6.048698323725191367e-02 2.038437981343511549e-02 -2.260934153163358662e-01 5.737304687500000000e-02 -3.710937500000000000e-02 1.018554687500000000e+00
2.080000000000000000e+02 -6.368453301190839244e-02 1.931852988854961678e-02 -2.169004597141984680e-01 6.665039062500000000e-02 4.882812500000000000e-03 1.016113281250000000e+00
2.090000000000000000e+02 -6.808116395206106897e-02 2.158346097893129936e-02 -2.073078103902289970e-01 5.981445312500000000e-02 2.661132812500000000e-02 1.010498046875000000e+00
2.100000000000000000e+02 -6.554977038045801951e-02 2.011791733221374168e-02 -2.010459420815267351e-01 6.054687500000000000e-02 7.324218750000000000e-04 1.020507812500000000e+00
2.110000000000000000e+02 -6.634915782412213747e-02 2.264931090381679460e-02 -2.186324658421374134e-01 5.883789062500000000e-02 -2.783203125000000000e-02 1.023925781250000000e+00
2.120000000000000000e+02 -6.621592658351145577e-02 1.785298624183205909e-02 -2.279586526848854933e-01 6.616210937500000000e-02 -3.051757812500000000e-02 1.020996093750000000e+00
2.130000000000000000e+02 -6.768147023022900999e-02 2.131699849770992555e-02 -2.388836144149618090e-01 6.518554687500000000e-02 -1.831054687500000000e-02 1.022705078125000000e+00
2.140000000000000000e+02 -6.141960192152672027e-02 1.692036755755725250e-02 -2.129035224958778783e-01 4.858398437500000000e-02 6.445312500000000000e-02 1.009277343750000000e+00
2.150000000000000000e+02 -6.581623286167938292e-02 2.371516082870228984e-02 -1.974486985850381904e-01 5.981445312500000000e-02 1.953125000000000000e-03 1.027343750000000000e+00
2.160000000000000000e+02 -6.554977038045801951e-02 2.038437981343511549e-02 -1.926523739230534549e-01 6.250000000000000000e-02 1.367187500000000000e-02 1.014404296875000000e+00
2.170000000000000000e+02 -6.928024511755724590e-02 2.038437981343511549e-02 -1.943843800509923447e-01 6.689453125000000000e-02 -1.586914062500000000e-02 1.012939453125000000e+00
2.180000000000000000e+02 -6.488361417740458326e-02 1.811944872305343290e-02 -1.983813172693129900e-01 6.152343750000000000e-02 -2.758789062500000000e-02 1.002685546875000000e+00
2.190000000000000000e+02 -7.141194496732823638e-02 1.851914244488549882e-02 -1.938514550885496179e-01 5.664062500000000000e-02 2.734375000000000000e-02 1.016845703125000000e+00
2.200000000000000000e+02 -6.075344571847328401e-02 2.158346097893129936e-02 -1.966493111413740447e-01 7.739257812500000000e-02 1.220703125000000000e-02 1.024902343750000000e+00
2.210000000000000000e+02 -1.007228179016793901e-01 1.718683003877862631e-02 -1.950505362540458087e-01 4.858398437500000000e-02 -1.269531250000000000e-02 1.030029296875000000e+00
2.220000000000000000e+02 -6.994640132061069604e-02 2.464777951297709990e-02 -1.990474734723663985e-01 6.201171875000000000e-02 -4.663085937500000000e-02 1.008544921875000000e+00
2.230000000000000000e+02 -6.101990819969465435e-02 2.038437981343511549e-02 -1.925191426824427454e-01 6.176757812500000000e-02 2.319335937500000000e-02 1.009765625000000000e+00
2.240000000000000000e+02 -6.141960192152672027e-02 1.758652376061068529e-02 -1.811944872305343568e-01 7.690429687500000000e-02 3.173828125000000000e-03 1.019775390625000000e+00
2.250000000000000000e+02 -6.368453301190839244e-02 2.158346097893129936e-02 -1.690704443349618225e-01 6.445312500000000000e-02 3.955078125000000000e-02 1.030029296875000000e+00
2.260000000000000000e+02 -6.528330789923664224e-02 2.238284842259541732e-02 -1.617427261013740514e-01 5.859375000000000000e-02 0.000000000000000000e+00 1.015136718750000000e+00
2.270000000000000000e+02 -6.355130177129771074e-02 1.718683003877862631e-02 -1.622756510638168059e-01 4.809570312500000000e-02 -1.049804687500000000e-02 1.013427734375000000e+00
2.280000000000000000e+02 -6.261868308702289720e-02 2.158346097893129936e-02 -1.605436449358778606e-01 5.590820312500000000e-02 -1.464843750000000000e-03 1.018554687500000000e+00
2.290000000000000000e+02 -6.461715169618320598e-02 2.571362943786259514e-02 -1.493522207245801536e-01 5.664062500000000000e-02 1.635742187500000000e-02 1.013427734375000000e+00
2.300000000000000000e+02 -6.594946410229007849e-02 1.945176112916030542e-02 -1.310995407609160390e-01 5.957031250000000000e-02 3.247070312500000000e-02 1.027832031250000000e+00
2.310000000000000000e+02 -6.541653913984733781e-02 2.051761105404580066e-02 -1.260367536177099401e-01 5.761718750000000000e-02 1.855468750000000000e-02 1.015136718750000000e+00
2.320000000000000000e+02 -6.581623286167938292e-02 2.331546710687022739e-02 -1.159111793312977007e-01 7.348632812500000000e-02 1.416015625000000000e-02 1.026123046875000000e+00
2.330000000000000000e+02 -6.568300162106870121e-02 2.331546710687022739e-02 -1.245712099709923720e-01 6.005859375000000000e-02 -2.124023437500000000e-02 1.018554687500000000e+00
2.340000000000000000e+02 -6.475038293679390156e-02 2.598009191908396895e-02 -1.357626341822900651e-01 7.275390625000000000e-02 -2.294921875000000000e-02 1.008789062500000000e+00
2.350000000000000000e+02 -6.355130177129771074e-02 1.958499236977099059e-02 -1.365620216259542108e-01 6.079101562500000000e-02 1.391601562500000000e-02 1.020263671875000000e+00
2.360000000000000000e+02 -6.128637068091603163e-02 2.105053601648854827e-02 -1.349632467386259471e-01 7.763671875000000000e-02 2.441406250000000000e-04 1.024658203125000000e+00
2.370000000000000000e+02 -6.594946410229007849e-02 1.918529864793893161e-02 -1.157779480906870329e-01 6.176757812500000000e-02 2.783203125000000000e-02 1.014404296875000000e+00
2.380000000000000000e+02 -6.594946410229007849e-02 2.025114857282442685e-02 -9.539356827725190002e-02 5.346679687500000000e-02 3.271484375000000000e-02 1.020996093750000000e+00
2.390000000000000000e+02 -6.901378263633588250e-02 1.838591120427481018e-02 -8.020520684763358943e-02 6.933593750000000000e-02 2.172851562500000000e-02 1.016845703125000000e+00
2.400000000000000000e+02 -6.821439519267175067e-02 2.211638594137404351e-02 -7.527565094503817222e-02 5.639648437500000000e-02 2.197265625000000000e-02 1.029541015625000000e+00
2.410000000000000000e+02 -6.515007665862594666e-02 2.091730477587786310e-02 -7.767381327603053998e-02 6.372070312500000000e-02 7.080078125000000000e-03 1.015869140625000000e+00
2.420000000000000000e+02 -6.515007665862594666e-02 2.318223586625954222e-02 -7.660796335114503086e-02 5.932617187500000000e-02 3.417968750000000000e-03 1.011230468750000000e+00
2.430000000000000000e+02 -6.768147023022900999e-02 2.264931090381679460e-02 -7.087902000488549570e-02 5.908203125000000000e-02 1.757812500000000000e-02 1.024169921875000000e+00
2.440000000000000000e+02 -6.581623286167938292e-02 2.304900462564885705e-02 -1.019218990671755670e-01 6.127929687500000000e-02 -5.126953125000000000e-03 1.009277343750000000e+00
2.450000000000000000e+02 -6.475038293679390156e-02 2.438131703175572609e-02 -6.395099549312976972e-02 6.567382812500000000e-02 -2.343750000000000000e-02 1.012451171875000000e+00
2.460000000000000000e+02 -6.515007665862594666e-02 2.478101075358778507e-02 -1.017886678265648992e-01 5.859375000000000000e-02 -1.074218750000000000e-02 1.022949218750000000e+00
2.470000000000000000e+02 -6.648238906473281917e-02 2.224961718198473215e-02 -6.781470147083969169e-02 5.883789062500000000e-02 -3.173828125000000000e-03 1.021972656250000000e+00
2.480000000000000000e+02 -6.501684541801526496e-02 2.158346097893129936e-02 -6.754823898961831441e-02 5.932617187500000000e-02 8.056640625000000000e-03 1.017333984375000000e+00
2.490000000000000000e+02 -6.235222060580152686e-02 2.358192958809160120e-02 -6.554977038045801951e-02 5.566406250000000000e-02 1.074218750000000000e-02 1.016113281250000000e+00
2.500000000000000000e+02 -6.674885154595419645e-02 2.211638594137404351e-02 -5.449157740977099429e-02 6.616210937500000000e-02 1.660156250000000000e-02 1.015136718750000000e+00
2.510000000000000000e+02 -6.634915782412213747e-02 2.145022973832061072e-02 -4.556508428885496648e-02 5.786132812500000000e-02 2.514648437500000000e-02 1.031005859375000000e+00
2.520000000000000000e+02 -6.261868308702289720e-02 2.264931090381679460e-02 -3.144257278412213724e-02 5.737304687500000000e-02 2.026367187500000000e-02 1.013671875000000000e+00
2.530000000000000000e+02 -6.315160804946565176e-02 2.637978564091603140e-02 -2.518070447541984752e-02 6.567382812500000000e-02 7.080078125000000000e-03 1.012939453125000000e+00
2.540000000000000000e+02 -6.461715169618320598e-02 1.878560492610686916e-02 -2.717917308458015282e-02 5.712890625000000000e-02 -7.324218750000000000e-03 1.019531250000000000e+00
2.550000000000000000e+02 -6.741500774900763271e-02 2.105053601648854827e-02 -2.717917308458015282e-02 6.176757812500000000e-02 -6.835937500000000000e-03 1.017333984375000000e+00
2.560000000000000000e+02 -6.448392045557252428e-02 2.304900462564885705e-02 -2.598009191908396895e-02 6.542968750000000000e-02 5.126953125000000000e-03 1.019287109375000000e+00
2.570000000000000000e+02 -6.448392045557252428e-02 2.118376725709923691e-02 -2.731240432519084146e-02 5.859375000000000000e-02 1.464843750000000000e-03 1.025146484375000000e+00
2.580000000000000000e+02 -6.594946410229007849e-02 2.664624812213740521e-02 -2.224961718198473215e-02 6.835937500000000000e-02 1.000976562500000000e-02 1.019042968750000000e+00
2.590000000000000000e+02 -6.821439519267175067e-02 2.198315470076335834e-02 -1.771975500122137392e-02 5.053710937500000000e-02 7.324218750000000000e-03 1.020507812500000000e+00
2.600000000000000000e+02 -6.528330789923664224e-02 2.238284842259541732e-02 -1.905206740732824297e-02 6.616210937500000000e-02 2.441406250000000000e-03 1.015869140625000000e+00
2.610000000000000000e+02 -6.541653913984733781e-02 2.344869834748091603e-02 -1.652067383572519005e-02 7.446289062500000000e-02 -2.929687500000000000e-03 1.028564453125000000e+00
2.620000000000000000e+02 -6.501684541801526496e-02 2.304900462564885705e-02 -1.825267996366412501e-02 5.810546875000000000e-02 -4.394531250000000000e-03 1.026367187500000000e+00
2.630000000000000000e+02 -6.381776425251908802e-02 2.344869834748091603e-02 -1.518836142961832100e-02 6.469726562500000000e-02 2.441406250000000000e-04 1.021972656250000000e+00
2.640000000000000000e+02 -6.488361417740458326e-02 2.704594184396946766e-02 -1.678713631694656733e-02 5.981445312500000000e-02 -7.568359375000000000e-03 1.019775390625000000e+00
2.650000000000000000e+02 -6.608269534290076019e-02 2.438131703175572609e-02 -1.638744259511450488e-02 6.665039062500000000e-02 -3.417968750000000000e-03 1.010498046875000000e+00
2.660000000000000000e+02 -6.728177650839695101e-02 1.931852988854961678e-02 -1.545482391083969481e-02 5.688476562500000000e-02 -3.906250000000000000e-03 1.022949218750000000e+00
2.670000000000000000e+02 -6.541653913984733781e-02 2.358192958809160120e-02 -1.838591120427481018e-02 7.666015625000000000e-02 5.615234375000000000e-03 1.022949218750000000e+00
2.680000000000000000e+02 -1.015222053453435080e-01 2.344869834748091603e-02 -2.065084229465648930e-02 5.883789062500000000e-02 4.150390625000000000e-03 1.025390625000000000e+00
2.690000000000000000e+02 -6.341807053068701516e-02 2.118376725709923691e-02 -1.745329252000000012e-02 6.127929687500000000e-02 -2.929687500000000000e-03 1.020263671875000000e+00
2.700000000000000000e+02 -3.424042883694656397e-02 2.211638594137404351e-02 -1.505513018900763410e-02 4.882812500000000000e-02 -3.417968750000000000e-03 1.017822265625000000e+00
2.710000000000000000e+02 -6.328483929007633346e-02 2.118376725709923691e-02 -1.372281778290076332e-02 6.225585937500000000e-02 1.708984375000000000e-03 1.012939453125000000e+00
2.720000000000000000e+02 -6.475038293679390156e-02 2.211638594137404351e-02 -1.452220522656488648e-02 5.859375000000000000e-02 -1.953125000000000000e-03 1.016845703125000000e+00
2.730000000000000000e+02 -6.554977038045801951e-02 2.278254214442748324e-02 -1.572128639206106862e-02 6.494140625000000000e-02 -2.685546875000000000e-03 1.022949218750000000e+00
2.740000000000000000e+02 -6.541653913984733781e-02 2.184992346015267317e-02 -1.532159267022900791e-02 5.419921875000000000e-02 -1.391601562500000000e-02 1.004150390625000000e+00
2.750000000000000000e+02 -6.608269534290076019e-02 2.757886680641221527e-02 -1.945176112916030542e-02 7.373046875000000000e-02 -5.371093750000000000e-03 1.013183593750000000e+00
2.760000000000000000e+02 -6.661562030534351475e-02 2.304900462564885705e-02 -1.718683003877862631e-02 6.005859375000000000e-02 4.638671875000000000e-03 1.022705078125000000e+00
2.770000000000000000e+02 -6.541653913984733781e-02 2.371516082870228984e-02 -1.652067383572519005e-02 6.445312500000000000e-02 -5.371093750000000000e-03 1.014404296875000000e+00
2.780000000000000000e+02 -6.688208278656487815e-02 1.931852988854961678e-02 -1.878560492610686916e-02 4.687500000000000000e-02 2.197265625000000000e-03 1.014160156250000000e+00
2.790000000000000000e+02 -1.012557428641221308e-01 2.451454827236641126e-02 -1.505513018900763410e-02 5.712890625000000000e-02 -2.441406250000000000e-04 1.020751953125000000e+00
2.800000000000000000e+02 -6.208575812458014959e-02 2.051761105404580066e-02 -1.492189894839694546e-02 6.445312500000000000e-02 -1.953125000000000000e-03 1.000488281250000000e+00
2.810000000000000000e+02 -6.448392045557252428e-02 2.318223586625954222e-02 -1.718683003877862631e-02 5.981445312500000000e-02 9.765625000000000000e-03 1.027832031250000000e+00
2.820000000000000000e+02 -6.674885154595419645e-02 2.451454827236641126e-02 -1.745329252000000012e-02 5.957031250000000000e-02 -7.324218750000000000e-03 1.015625000000000000e+00
2.830000000000000000e+02 -7.061255752366413230e-02 1.905206740732824297e-02 -1.638744259511450488e-02 6.250000000000000000e-02 -1.708984375000000000e-03 1.020996093750000000e+00
2.840000000000000000e+02 -6.461715169618320598e-02 2.131699849770992555e-02 -1.785298624183205909e-02 6.445312500000000000e-02 -6.591796875000000000e-03 1.019042968750000000e+00
2.850000000000000000e+02 -6.515007665862594666e-02 2.211638594137404351e-02 -1.518836142961832100e-02 6.518554687500000000e-02 -4.394531250000000000e-03 1.014160156250000000e+00
2.860000000000000000e+02 -6.355130177129771074e-02 2.318223586625954222e-02 -1.625421135450381624e-02 5.957031250000000000e-02 2.929687500000000000e-03 1.017089843750000000e+00
2.870000000000000000e+02 -6.621592658351145577e-02 2.184992346015267317e-02 -1.505513018900763410e-02 6.152343750000000000e-02 -1.220703125000000000e-03 1.016357421875000000e+00
2.880000000000000000e+02 -6.395099549312976972e-02 2.504747323480915888e-02 -1.545482391083969481e-02 5.444335937500000000e-02 1.220703125000000000e-03 1.011474609375000000e+00
2.890000000000000000e+02 -6.888055139572518693e-02 2.438131703175572609e-02 -1.572128639206106862e-02 6.225585937500000000e-02 7.324218750000000000e-04 1.020507812500000000e+00
2.900000000000000000e+02 -6.408422673374045142e-02 2.624655440030534276e-02 -1.545482391083969481e-02 7.739257812500000000e-02 -8.789062500000000000e-03 1.011962890625000000e+00
2.910000000000000000e+02 -6.568300162106870121e-02 2.025114857282442685e-02 -1.692036755755725250e-02 5.664062500000000000e-02 -9.277343750000000000e-03 1.024658203125000000e+00
2.920000000000000000e+02 -6.368453301190839244e-02 2.051761105404580066e-02 -1.931852988854961678e-02 6.616210937500000000e-02 -2.929687500000000000e-03 1.013427734375000000e+00
2.930000000000000000e+02 -6.554977038045801951e-02 2.264931090381679460e-02 -1.625421135450381624e-02 6.323242187500000000e-02 8.056640625000000000e-03 1.022949218750000000e+00
2.940000000000000000e+02 -6.621592658351145577e-02 2.531393571603053269e-02 -1.598774887328244243e-02 5.957031250000000000e-02 4.394531250000000000e-03 1.010009765625000000e+00
2.950000000000000000e+02 -6.421745797435114700e-02 2.131699849770992555e-02 -1.705359879816793767e-02 6.323242187500000000e-02 1.220703125000000000e-03 1.023681640625000000e+00
2.960000000000000000e+02 -1.020551303077862626e-01 2.358192958809160120e-02 -1.585451763267175379e-02 6.420898437500000000e-02 0.000000000000000000e+00 1.009521484375000000e+00
2.970000000000000000e+02 -6.634915782412213747e-02 2.171669221954198453e-02 -1.465543646717557165e-02 6.347656250000000000e-02 -6.591796875000000000e-03 1.012939453125000000e+00
2.980000000000000000e+02 -6.488361417740458326e-02 2.184992346015267317e-02 -1.318989282045801570e-02 6.005859375000000000e-02 -2.441406250000000000e-03 1.029541015625000000e+00
2.990000000000000000e+02 -6.701531402717557373e-02 2.731240432519084146e-02 -1.545482391083969481e-02 6.298828125000000000e-02 -2.197265625000000000e-03 1.014892578125000000e+00
3.000000000000000000e+02 -6.461715169618320598e-02 2.078407353526717447e-02 -1.585451763267175379e-02 5.908203125000000000e-02 -1.708984375000000000e-03 1.019287109375000000e+00
3.010000000000000000e+02 -6.728177650839695101e-02 2.438131703175572609e-02 -1.785298624183205909e-02 6.787109375000000000e-02 -1.953125000000000000e-03 1.012939453125000000e+00
3.020000000000000000e+02 -6.794793271145038727e-02 2.598009191908396895e-02 -1.905206740732824297e-02 6.420898437500000000e-02 3.662109375000000000e-03 1.018066406250000000e+00
3.030000000000000000e+02 -6.461715169618320598e-02 2.278254214442748324e-02 -1.558805515145038172e-02 5.981445312500000000e-02 -2.929687500000000000e-03 1.020263671875000000e+00
3.040000000000000000e+02 -6.541653913984733781e-02 2.358192958809160120e-02 -1.572128639206106862e-02 4.736328125000000000e-02 -3.906250000000000000e-03 1.004882812500000000e+00
3.050000000000000000e+02 -6.634915782412213747e-02 1.758652376061068529e-02 -1.545482391083969481e-02 5.273437500000000000e-02 -1.464843750000000000e-03 1.013671875000000000e+00
3.060000000000000000e+02 -6.661562030534351475e-02 2.211638594137404351e-02 -1.732006127938931148e-02 4.907226562500000000e-02 2.929687500000000000e-03 1.020263671875000000e+00
3.070000000000000000e+02 -7.127871372671756856e-02 2.611332315969465759e-02 -1.572128639206106862e-02 6.127929687500000000e-02 -3.417968750000000000e-03 1.009765625000000000e+00
3.080000000000000000e+02 -6.621592658351145577e-02 2.065084229465648930e-02 -1.492189894839694546e-02 6.762695312500000000e-02 7.324218750000000000e-04 1.017578125000000000e+00
3.090000000000000000e+02 -6.515007665862594666e-02 2.171669221954198453e-02 -1.532159267022900791e-02 5.566406250000000000e-02 3.662109375000000000e-03 1.015136718750000000e+00
3.100000000000000000e+02 -6.608269534290076019e-02 2.318223586625954222e-02 -1.199081165496183356e-02 5.981445312500000000e-02 -1.049804687500000000e-02 1.024658203125000000e+00
3.110000000000000000e+02 -6.688208278656487815e-02 1.865237368549618399e-02 -1.265696785801526635e-02 4.711914062500000000e-02 -1.293945312500000000e-02 1.014160156250000000e+00
3.120000000000000000e+02 -6.594946410229007849e-02 2.171669221954198453e-02 -1.958499236977099059e-02 6.005859375000000000e-02 2.441406250000000000e-03 1.012451171875000000e+00
3.130000000000000000e+02 -1.012557428641221308e-01 2.584686067847328378e-02 -1.572128639206106862e-02 5.834960937500000000e-02 4.882812500000000000e-04 1.014892578125000000e+00
3.140000000000000000e+02 -6.634915782412213747e-02 2.358192958809160120e-02 -1.612098011389313107e-02 6.250000000000000000e-02 -3.173828125000000000e-03 1.021972656250000000e+00
3.150000000000000000e+02 -6.714854526778626931e-02 2.065084229465648930e-02 -1.771975500122137392e-02 6.542968750000000000e-02 -4.882812500000000000e-04 1.027832031250000000e+00
3.160000000000000000e+02 -6.861408891450382352e-02 2.704594184396946766e-02 -1.598774887328244243e-02 5.810546875000000000e-02 5.859375000000000000e-03 1.024902343750000000e+00
3.170000000000000000e+02 -6.528330789923664224e-02 2.171669221954198453e-02 -1.625421135450381624e-02 6.079101562500000000e-02 1.708984375000000000e-03 1.016357421875000000e+00
3.180000000000000000e+02 -6.568300162106870121e-02 2.198315470076335834e-02 -1.518836142961832100e-02 6.152343750000000000e-02 -6.347656250000000000e-03 1.010986328125000000e+00
3.190000000000000000e+02 -1.015222053453435080e-01 2.331546710687022739e-02 -1.572128639206106862e-02 6.079101562500000000e-02 5.126953125000000000e-03 1.017333984375000000e+00
3.200000000000000000e+02 -6.488361417740458326e-02 2.224961718198473215e-02 -1.638744259511450488e-02 6.201171875000000000e-02 -2.197265625000000000e-03 1.029785156250000000e+00
3.210000000000000000e+02 -6.794793271145038727e-02 2.691271060335877555e-02 -1.438897398595419957e-02 6.933593750000000000e-02 -2.441406250000000000e-04 1.015136718750000000e+00
3.220000000000000000e+02 -6.528330789923664224e-02 2.584686067847328378e-02 -1.758652376061068529e-02 6.835937500000000000e-02 -2.685546875000000000e-03 1.020019531250000000e+00
3.230000000000000000e+02 -6.648238906473281917e-02 2.611332315969465759e-02 -1.732006127938931148e-02 5.566406250000000000e-02 1.440429687500000000e-02 1.020019531250000000e+00
3.240000000000000000e+02 -6.554977038045801951e-02 2.171669221954198453e-02 -1.745329252000000012e-02 6.201171875000000000e-02 -1.562500000000000000e-02 1.026855468750000000e+00
3.250000000000000000e+02 -6.435068921496182870e-02 2.438131703175572609e-02 -1.771975500122137392e-02 6.152343750000000000e-02 1.708984375000000000e-03 1.023925781250000000e+00
3.260000000000000000e+02 -6.621592658351145577e-02 1.891883616671755780e-02 -1.692036755755725250e-02 6.567382812500000000e-02 3.173828125000000000e-03 1.017333984375000000e+00
3.270000000000000000e+02 -6.621592658351145577e-02 2.398162330992366711e-02 -1.532159267022900791e-02 5.932617187500000000e-02 1.245117187500000000e-02 1.015869140625000000e+00
3.280000000000000000e+02 -6.688208278656487815e-02 2.558039819725190997e-02 -1.572128639206106862e-02 6.274414062500000000e-02 -5.126953125000000000e-03 1.021240234375000000e+00
3.290000000000000000e+02 -6.568300162106870121e-02 1.998468609160305304e-02 -1.465543646717557165e-02 6.445312500000000000e-02 -9.521484375000000000e-03 1.016601562500000000e+00
3.300000000000000000e+02 -6.488361417740458326e-02 2.318223586625954222e-02 -1.771975500122137392e-02 6.787109375000000000e-02 8.544921875000000000e-03 1.015869140625000000e+00
3.310000000000000000e+02 -6.195252688396946789e-02 2.224961718198473215e-02 -1.851914244488549882e-02 6.420898437500000000e-02 -2.929687500000000000e-03 1.018554687500000000e+00
3.320000000000000000e+02 -6.235222060580152686e-02 2.438131703175572609e-02 -1.798621748244274773e-02 6.030273437500000000e-02 -5.371093750000000000e-03 1.016113281250000000e+00
3.330000000000000000e+02 -6.515007665862594666e-02 2.198315470076335834e-02 -1.678713631694656733e-02 6.347656250000000000e-02 -1.464843750000000000e-03 1.015136718750000000e+00
3.340000000000000000e+02 -6.861408891450382352e-02 2.371516082870228984e-02 -1.652067383572519005e-02 6.738281250000000000e-02 -1.220703125000000000e-03 1.014404296875000000e+00
3.350000000000000000e+02 -6.994640132061069604e-02 2.491424199419847371e-02 -1.412251150473282403e-02 5.786132812500000000e-02 9.521484375000000000e-03 1.001708984375000000e+00
3.360000000000000000e+02 -1.005895866610687084e-01 2.224961718198473215e-02 -1.465543646717557165e-02 7.031250000000000000e-02 -2.441406250000000000e-04 1.016113281250000000e+00
3.370000000000000000e+02 -3.450689131816794125e-02 2.584686067847328378e-02 -1.598774887328244243e-02 6.225585937500000000e-02 -1.220703125000000000e-03 1.029541015625000000e+00
3.380000000000000000e+02 -6.621592658351145577e-02 2.704594184396946766e-02 -1.279019909862595498e-02 6.542968750000000000e-02 3.417968750000000000e-03 1.014892578125000000e+00
3.390000000000000000e+02 -6.621592658351145577e-02 2.198315470076335834e-02 -1.465543646717557165e-02 6.225585937500000000e-02 7.080078125000000000e-03 1.013916015625000000e+00
3.400000000000000000e+02 -6.648238906473281917e-02 2.571362943786259514e-02 -1.532159267022900791e-02 6.494140625000000000e-02 -4.394531250000000000e-03 1.031738281250000000e+00
3.410000000000000000e+02 -6.821439519267175067e-02 2.238284842259541732e-02 -1.745329252000000012e-02 7.690429687500000000e-02 2.441406250000000000e-03 1.019775390625000000e+00
3.420000000000000000e+02 -6.701531402717557373e-02 2.518070447541984752e-02 -1.678713631694656733e-02 6.274414062500000000e-02 1.708984375000000000e-03 1.012451171875000000e+00
3.430000000000000000e+02 -3.424042883694656397e-02 2.278254214442748324e-02 -1.425574274534351267e-02 7.592773437500000000e-02 -3.417968750000000000e-03 1.029296875000000000e+00
3.440000000000000000e+02 -6.515007665862594666e-02 2.304900462564885705e-02 -1.492189894839694546e-02 7.421875000000000000e-02 1.464843750000000000e-03 1.021728515625000000e+00
3.450000000000000000e+02 -6.368453301190839244e-02 2.358192958809160120e-02 -1.998468609160305304e-02 5.541992187500000000e-02 4.394531250000000000e-03 1.017089843750000000e+00
3.460000000000000000e+02 -6.768147023022900999e-02 2.304900462564885705e-02 -1.825267996366412501e-02 5.908203125000000000e-02 -5.371093750000000000e-03 1.020996093750000000e+00
3.470000000000000000e+02 -6.648238906473281917e-02 2.464777951297709990e-02 -1.438897398595419957e-02 7.617187500000000000e-02 1.708984375000000000e-03 1.028564453125000000e+00
3.480000000000000000e+02 -6.128637068091603163e-02 2.291577338503816841e-02 -1.612098011389313107e-02 5.786132812500000000e-02 7.324218750000000000e-04 1.011962890625000000e+00
3.490000000000000000e+02 -6.408422673374045142e-02 2.784532928763358908e-02 -1.398928026412213713e-02 5.786132812500000000e-02 -1.464843750000000000e-03 1.012207031250000000e+00
3.500000000000000000e+02 -6.674885154595419645e-02 2.264931090381679460e-02 -1.398928026412213713e-02 5.932617187500000000e-02 -8.300781250000000000e-03 1.018310546875000000e+00
3.510000000000000000e+02 -6.541653913984733781e-02 1.638744259511450488e-02 -1.811944872305343290e-02 6.030273437500000000e-02 -8.056640625000000000e-03 1.018798828125000000e+00
3.520000000000000000e+02 -6.608269534290076019e-02 2.518070447541984752e-02 -1.612098011389313107e-02 6.860351562500000000e-02 -9.765625000000000000e-04 1.023681640625000000e+00
3.530000000000000000e+02 -6.381776425251908802e-02 2.091730477587786310e-02 -1.771975500122137392e-02 6.176757812500000000e-02 -6.347656250000000000e-03 1.028320312500000000e+00
3.540000000000000000e+02 -6.594946410229007849e-02 2.717917308458015282e-02 -1.745329252000000012e-02 6.127929687500000000e-02 2.685546875000000000e-03 1.019042968750000000e+00
3.550000000000000000e+02 -6.808116395206106897e-02 1.971822361038168270e-02 -1.678713631694656733e-02 6.982421875000000000e-02 2.929687500000000000e-03 1.022460937500000000e+00
3.560000000000000000e+02 -6.501684541801526496e-02 2.158346097893129936e-02 -1.652067383572519005e-02 5.957031250000000000e-02 -4.882812500000000000e-04 1.010253906250000000e+00
3.570000000000000000e+02 -6.728177650839695101e-02 1.838591120427481018e-02 -1.758652376061068529e-02 7.690429687500000000e-02 -6.591796875000000000e-03 1.027343750000000000e+00
3.580000000000000000e+02 -6.541653913984733781e-02 2.571362943786259514e-02 -1.745329252000000012e-02 6.323242187500000000e-02 -6.591796875000000000e-03 1.006103515625000000e+00
3.590000000000000000e+02 -6.661562030534351475e-02 2.344869834748091603e-02 -1.732006127938931148e-02 5.639648437500000000e-02 3.906250000000000000e-03 1.018066406250000000e+00
3.600000000000000000e+02 -6.728177650839695101e-02 2.278254214442748324e-02 -1.612098011389313107e-02 6.616210937500000000e-02 7.324218750000000000e-04 1.024902343750000000e+00
3.610000000000000000e+02 -6.488361417740458326e-02 2.584686067847328378e-02 -2.078407353526717447e-02 6.372070312500000000e-02 -8.056640625000000000e-03 1.021484375000000000e+00
3.620000000000000000e+02 -6.208575812458014959e-02 2.571362943786259514e-02 -1.532159267022900791e-02 5.761718750000000000e-02 -4.394531250000000000e-03 1.025146484375000000e+00
3.630000000000000000e+02 -6.728177650839695101e-02 2.664624812213740521e-02 -1.452220522656488648e-02 6.567382812500000000e-02 -9.765625000000000000e-04 1.009765625000000000e+00
3.640000000000000000e+02 -6.448392045557252428e-02 2.238284842259541732e-02 -1.798621748244274773e-02 4.711914062500000000e-02 -6.835937500000000000e-03 1.014160156250000000e+00
3.650000000000000000e+02 -6.381776425251908802e-02 2.384839206931297501e-02 -1.785298624183205909e-02 5.810546875000000000e-02 -2.441406250000000000e-03 1.017089843750000000e+00
3.660000000000000000e+02 -6.621592658351145577e-02 2.358192958809160120e-02 -1.771975500122137392e-02 6.445312500000000000e-02 -9.765625000000000000e-04 1.011962890625000000e+00
3.670000000000000000e+02 -6.701531402717557373e-02 2.358192958809160120e-02 -1.718683003877862631e-02 4.858398437500000000e-02 3.417968750000000000e-03 1.016357421875000000e+00
3.680000000000000000e+02 -6.501684541801526496e-02 2.091730477587786310e-02 -1.279019909862595498e-02 6.079101562500000000e-02 -4.394531250000000000e-03 1.029541015625000000e+00
3.690000000000000000e+02 -6.581623286167938292e-02 2.624655440030534276e-02 -1.971822361038168270e-02 6.127929687500000000e-02 -3.662109375000000000e-03 1.018798828125000000e+00
3.700000000000000000e+02 -6.834762643328244625e-02 2.371516082870228984e-02 -1.518836142961832100e-02 6.787109375000000000e-02 -2.441406250000000000e-04 1.029052734375000000e+00
3.710000000000000000e+02 -6.475038293679390156e-02 2.011791733221374168e-02 -1.771975500122137392e-02 5.834960937500000000e-02 -8.056640625000000000e-03 1.020263671875000000e+00
3.720000000000000000e+02 -6.621592658351145577e-02 2.238284842259541732e-02 -1.425574274534351267e-02 4.809570312500000000e-02 -3.906250000000000000e-03 1.017822265625000000e+00
3.730000000000000000e+02 -6.355130177129771074e-02 2.011791733221374168e-02 -1.438897398595419957e-02 4.711914062500000000e-02 -5.615234375000000000e-03 1.023925781250000000e+00
3.740000000000000000e+02 -6.888055139572518693e-02 2.211638594137404351e-02 -1.638744259511450488e-02 6.591796875000000000e-02 4.394531250000000000e-03 1.023681640625000000e+00
3.750000000000000000e+02 -6.634915782412213747e-02 2.331546710687022739e-02 -1.785298624183205909e-02 6.054687500000000000e-02 9.765625000000000000e-04 1.023681640625000000e+00
3.760000000000000000e+02 -6.781470147083969169e-02 2.131699849770992555e-02 -1.332312406106870260e-02 6.665039062500000000e-02 4.882812500000000000e-03 1.016113281250000000e+00
3.770000000000000000e+02 -6.408422673374045142e-02 2.171669221954198453e-02 -1.345635530167938777e-02 6.445312500000000000e-02 -2.441406250000000000e-03 1.018798828125000000e+00
3.780000000000000000e+02 -6.594946410229007849e-02 2.118376725709923691e-02 -1.332312406106870260e-02 7.763671875000000000e-02 1.220703125000000000e-03 1.022216796875000000e+00
3.790000000000000000e+02 -6.581623286167938292e-02 2.278254214442748324e-02 -1.039203676763358723e-02 6.005859375000000000e-02 1.391601562500000000e-02 1.017822265625000000e+00
3.800000000000000000e+02 -6.301837680885497006e-02 2.264931090381679460e-02 -1.065849924885496278e-02 6.420898437500000000e-02 -7.080078125000000000e-03 1.014404296875000000e+00
3.810000000000000000e+02 -6.435068921496182870e-02 2.051761105404580066e-02 -9.059724361526716452e-03 6.176757812500000000e-02 -5.859375000000000000e-03 1.016357421875000000e+00
3.820000000000000000e+02 -6.688208278656487815e-02 2.637978564091603140e-02 -6.528330789923664397e-03 6.250000000000000000e-02 -4.882812500000000000e-04 1.016357421875000000e+00
3.830000000000000000e+02 -6.741500774900763271e-02 2.411485455053435228e-02 -6.528330789923664397e-03 6.567382812500000000e-02 -1.953125000000000000e-03 1.017333984375000000e+00
3.840000000000000000e+02 -6.528330789923664224e-02 2.624655440030534276e-02 -7.194486992977099787e-03 6.567382812500000000e-02 -1.025390625000000000e-02 1.019775390625000000e+00
3.850000000000000000e+02 -6.301837680885497006e-02 2.931087293435114330e-02 -5.595712105648854330e-03 6.274414062500000000e-02 4.394531250000000000e-03 1.025634765625000000e+00
3.860000000000000000e+02 -6.714854526778626931e-02 2.278254214442748324e-02 -1.465543646717557252e-03 7.617187500000000000e-02 -2.685546875000000000e-03 1.018554687500000000e+00
3.870000000000000000e+02 -6.608269534290076019e-02 2.478101075358778507e-02 3.597243496488549894e-03 7.690429687500000000e-02 6.591796875000000000e-03 1.013671875000000000e+00
3.880000000000000000e+02 -6.648238906473281917e-02 2.558039819725190997e-02 3.464012255877862555e-03 5.737304687500000000e-02 9.765625000000000000e-04 1.019775390625000000e+00
3.890000000000000000e+02 -6.435068921496182870e-02 2.478101075358778507e-02 8.793261880305342643e-03 4.785156250000000000e-02 -2.441406250000000000e-03 1.019287109375000000e+00
3.900000000000000000e+02 -6.661562030534351475e-02 2.384839206931297501e-02 8.926493120916029547e-03 5.981445312500000000e-02 3.417968750000000000e-03 1.012207031250000000e+00
3.910000000000000000e+02 -6.861408891450382352e-02 2.184992346015267317e-02 1.385604902351145022e-02 6.347656250000000000e-02 1.953125000000000000e-03 1.016113281250000000e+00
3.920000000000000000e+02 -6.674885154595419645e-02 2.051761105404580066e-02 1.265696785801526635e-02 6.347656250000000000e-02 -7.568359375000000000e-03 1.021484375000000000e+00
3.930000000000000000e+02 -6.341807053068701516e-02 2.091730477587786310e-02 1.265696785801526635e-02 6.323242187500000000e-02 1.416015625000000000e-02 1.001220703125000000e+00
3.940000000000000000e+02 -6.475038293679390156e-02 2.238284842259541732e-02 1.279019909862595498e-02 5.371093750000000000e-02 0.000000000000000000e+00 1.028564453125000000e+00
3.950000000000000000e+02 -6.528330789923664224e-02 2.531393571603053269e-02 1.638744259511450488e-02 6.958007812500000000e-02 -6.103515625000000000e-03 1.020507812500000000e+00
3.960000000000000000e+02 -6.501684541801526496e-02 2.811179176885495942e-02 1.745329252000000012e-02 6.396484375000000000e-02 2.685546875000000000e-03 1.014892578125000000e+00
3.970000000000000000e+02 -6.541653913984733781e-02 2.478101075358778507e-02 1.452220522656488648e-02 4.760742187500000000e-02 -5.859375000000000000e-03 1.018798828125000000e+00
3.980000000000000000e+02 -6.608269534290076019e-02 2.158346097893129936e-02 1.452220522656488648e-02 4.809570312500000000e-02 -5.859375000000000000e-03 1.025390625000000000e+00
3.990000000000000000e+02 -6.808116395206106897e-02 2.544716695664122480e-02 1.212404289557252046e-02 6.396484375000000000e-02 1.464843750000000000e-02 1.025878906250000000e+00
4.000000000000000000e+02 -6.688208278656487815e-02 2.344869834748091603e-02 1.918529864793893161e-02 5.322265625000000000e-02 -9.765625000000000000e-04 1.032470703125000000e+00
4.010000000000000000e+02 -6.594946410229007849e-02 1.945176112916030542e-02 2.145022973832061072e-02 6.323242187500000000e-02 5.615234375000000000e-03 1.027587890625000000e+00
4.020000000000000000e+02 -6.554977038045801951e-02 2.411485455053435228e-02 3.050995409984732717e-02 6.372070312500000000e-02 4.882812500000000000e-04 1.023437500000000000e+00
4.030000000000000000e+02 -6.674885154595419645e-02 2.637978564091603140e-02 2.637978564091603140e-02 4.809570312500000000e-02 1.538085937500000000e-02 1.022460937500000000e+00
4.040000000000000000e+02 -6.714854526778626931e-02 2.478101075358778507e-02 2.824502300946564806e-02 6.103515625000000000e-02 -5.371093750000000000e-03 1.005615234375000000e+00
4.050000000000000000e+02 -6.701531402717557373e-02 2.318223586625954222e-02 3.090964782167938962e-02 6.225585937500000000e-02 2.197265625000000000e-03 1.017333984375000000e+00
4.060000000000000000e+02 -6.754823898961831441e-02 2.651301688152671657e-02 3.384073511511450499e-02 6.323242187500000000e-02 7.324218750000000000e-03 1.010253906250000000e+00
4.070000000000000000e+02 -6.528330789923664224e-02 2.278254214442748324e-02 3.823736605526718152e-02 6.347656250000000000e-02 8.056640625000000000e-03 1.029296875000000000e+00
4.080000000000000000e+02 -6.461715169618320598e-02 2.584686067847328378e-02 4.036906590503816505e-02 7.763671875000000000e-02 9.765625000000000000e-04 1.025634765625000000e+00
4.090000000000000000e+02 -6.195252688396946789e-02 2.584686067847328378e-02 5.355895872549618075e-02 6.176757812500000000e-02 1.220703125000000000e-03 1.022949218750000000e+00
4.100000000000000000e+02 -3.437366007755725261e-02 2.464777951297709990e-02 5.662327725954198476e-02 5.566406250000000000e-02 6.591796875000000000e-03 1.011718750000000000e+00
4.110000000000000000e+02 -6.515007665862594666e-02 2.331546710687022739e-02 4.929555902595419981e-02 7.714843750000000000e-02 -9.765625000000000000e-03 1.031005859375000000e+00
4.120000000000000000e+02 -6.594946410229007849e-02 2.571362943786259514e-02 4.689739669496183205e-02 4.809570312500000000e-02 -1.416015625000000000e-02 1.020019531250000000e+00
4.130000000000000000e+02 -6.621592658351145577e-02 2.331546710687022739e-02 4.050229714564885369e-02 5.273437500000000000e-02 -3.173828125000000000e-03 1.024169921875000000e+00
4.140000000000000000e+02 -6.834762643328244625e-02 2.344869834748091603e-02 4.010260342381679471e-02 5.688476562500000000e-02 -5.126953125000000000e-03 1.017822265625000000e+00
4.150000000000000000e+02 -6.608269534290076019e-02 2.411485455053435228e-02 4.529862180763358920e-02 6.005859375000000000e-02 4.882812500000000000e-04 1.020507812500000000e+00
4.160000000000000000e+02 -6.674885154595419645e-02 2.598009191908396895e-02 4.663093421374045477e-02 6.469726562500000000e-02 7.812500000000000000e-03 1.025390625000000000e+00
4.170000000000000000e+02 -1.016554365859542036e-01 2.611332315969465759e-02 5.196018383816793790e-02 7.763671875000000000e-02 1.538085937500000000e-02 1.002197265625000000e+00
4.180000000000000000e+02 -6.688208278656487815e-02 2.224961718198473215e-02 5.542419609404580089e-02 4.785156250000000000e-02 -1.196289062500000000e-02 1.017333984375000000e+00
4.190000000000000000e+02 -6.301837680885497006e-02 2.478101075358778507e-02 5.875497710931298218e-02 6.982421875000000000e-02 -4.150390625000000000e-03 1.018310546875000000e+00
4.200000000000000000e+02 -6.728177650839695101e-02 2.211638594137404351e-02 6.208575812458014959e-02 6.103515625000000000e-02 2.197265625000000000e-02 1.022705078125000000e+00
4.210000000000000000e+02 -6.728177650839695101e-02 1.878560492610686916e-02 5.742266470320610272e-02 5.786132812500000000e-02 -1.489257812500000000e-02 1.024902343750000000e+00
4.220000000000000000e+02 -6.515007665862594666e-02 2.304900462564885705e-02 5.329249624427481041e-02 4.809570312500000000e-02 -1.196289062500000000e-02 1.021972656250000000e+00
4.230000000000000000e+02 -6.475038293679390156e-02 2.518070447541984752e-02 5.609035229709923714e-02 7.543945312500000000e-02 -4.394531250000000000e-03 1.026123046875000000e+00
4.240000000000000000e+02 -6.594946410229007849e-02 2.398162330992366711e-02 5.688973974076336204e-02 6.787109375000000000e-02 -6.835937500000000000e-03 1.021484375000000000e+00
4.250000000000000000e+02 -6.581623286167938292e-02 2.291577338503816841e-02 6.408422673374045142e-02 6.762695312500000000e-02 1.196289062500000000e-02 1.023925781250000000e+00
4.260000000000000000e+02 -6.461715169618320598e-02 2.491424199419847371e-02 6.848085767389312795e-02 6.201171875000000000e-02 1.220703125000000000e-03 1.008544921875000000e+00
4.270000000000000000e+02 -6.808116395206106897e-02 2.491424199419847371e-02 7.634150086992366746e-02 6.250000000000000000e-02 8.056640625000000000e-03 1.022216796875000000e+00
4.280000000000000000e+02 -6.608269534290076019e-02 2.717917308458015282e-02 6.728177650839695101e-02 6.689453125000000000e-02 2.441406250000000000e-03 1.021728515625000000e+00
4.290000000000000000e+02 -6.448392045557252428e-02 2.491424199419847371e-02 5.902143959053435252e-02 7.714843750000000000e-02 -1.562500000000000000e-02 1.026855468750000000e+00
4.300000000000000000e+02 -6.541653913984733781e-02 2.091730477587786310e-02 5.302603376305343313e-02 7.275390625000000000e-02 -3.173828125000000000e-03 1.014160156250000000e+00
4.310000000000000000e+02 -6.728177650839695101e-02 2.224961718198473215e-02 4.529862180763358920e-02 7.421875000000000000e-02 -2.441406250000000000e-04 1.023681640625000000e+00
4.320000000000000000e+02 -6.554977038045801951e-02 2.504747323480915888e-02 4.929555902595419981e-02 5.932617187500000000e-02 5.371093750000000000e-03 1.021240234375000000e+00
4.330000000000000000e+02 -6.781470147083969169e-02 2.478101075358778507e-02 4.862940282290076355e-02 5.883789062500000000e-02 7.324218750000000000e-03 1.030761718750000000e+00
4.340000000000000000e+02 -7.087902000488549570e-02 2.171669221954198453e-02 5.475803989099236463e-02 4.760742187500000000e-02 4.150390625000000000e-03 1.031005859375000000e+00
4.350000000000000000e+02 -6.794793271145038727e-02 2.811179176885495942e-02 5.275957128183206279e-02 6.542968750000000000e-02 5.859375000000000000e-03 1.023681640625000000e+00
4.360000000000000000e+02 -6.621592658351145577e-02 2.864471673129771051e-02 5.196018383816793790e-02 6.909179687500000000e-02 -1.391601562500000000e-02 1.009521484375000000e+00
4.370000000000000000e+02 -6.688208278656487815e-02 2.384839206931297501e-02 4.769678413862595001e-02 6.689453125000000000e-02 -2.612304687500000000e-02 1.031005859375000000e+00
4.380000000000000000e+02 -1.023215927890076399e-01 3.050995409984732717e-02 3.050995409984732717e-02 6.372070312500000000e-02 -2.563476562500000000e-02 1.022949218750000000e+00
4.390000000000000000e+02 -6.461715169618320598e-02 2.518070447541984752e-02 2.184992346015267317e-02 5.786132812500000000e-02 -8.544921875000000000e-03 1.020263671875000000e+00
4.400000000000000000e+02 -6.554977038045801951e-02 2.251607966320610943e-02 1.678713631694656733e-02 5.883789062500000000e-02 1.220703125000000000e-03 1.019042968750000000e+00
4.410000000000000000e+02 -6.981317008000000046e-02 2.571362943786259514e-02 1.798621748244274773e-02 6.298828125000000000e-02 -2.441406250000000000e-04 1.016601562500000000e+00
4.420000000000000000e+02 -6.781470147083969169e-02 2.544716695664122480e-02 1.732006127938931148e-02 5.834960937500000000e-02 4.882812500000000000e-03 1.022460937500000000e+00
4.430000000000000000e+02 -6.435068921496182870e-02 2.331546710687022739e-02 1.532159267022900791e-02 7.153320312500000000e-02 -1.000976562500000000e-02 1.003906250000000000e+00
4.440000000000000000e+02 -6.435068921496182870e-02 2.251607966320610943e-02 5.728943346259542102e-03 5.908203125000000000e-02 -2.172851562500000000e-02 1.013427734375000000e+00
4.450000000000000000e+02 -6.261868308702289720e-02 2.558039819725190997e-02 3.344104139328243908e-02 6.127929687500000000e-02 -2.514648437500000000e-02 1.030761718750000000e+00
4.460000000000000000e+02 -6.488361417740458326e-02 2.598009191908396895e-02 -2.664624812213740694e-03 6.420898437500000000e-02 -8.056640625000000000e-03 1.025390625000000000e+00
4.470000000000000000e+02 -6.368453301190839244e-02 2.491424199419847371e-02 -1.159111793312977111e-02 5.566406250000000000e-02 5.126953125000000000e-03 1.022460937500000000e+00
4.480000000000000000e+02 -6.754823898961831441e-02 2.424808579114504092e-02 -1.612098011389313107e-02 6.445312500000000000e-02 -2.197265625000000000e-03 1.021484375000000000e+00
4.490000000000000000e+02 -6.661562030534351475e-02 2.358192958809160120e-02 -1.558805515145038172e-02 6.103515625000000000e-02 2.441406250000000000e-03 1.016845703125000000e+00
4.500000000000000000e+02 -7.074578876427480012e-02 2.318223586625954222e-02 -2.558039819725190997e-02 6.127929687500000000e-02 -6.347656250000000000e-03 1.008056640625000000e+00
4.510000000000000000e+02 -6.954670759877862318e-02 2.051761105404580066e-02 -5.622358353770991884e-02 6.494140625000000000e-02 -1.806640625000000000e-02 1.030273437500000000e+00
4.520000000000000000e+02 -6.674885154595419645e-02 2.238284842259541732e-02 -9.712557440519083152e-02 5.859375000000000000e-02 -2.441406250000000000e-03 1.020507812500000000e+00
4.530000000000000000e+02 -6.794793271145038727e-02 2.384839206931297501e-02 -1.492189894839694719e-01 5.786132812500000000e-02 -5.126953125000000000e-03 1.025390625000000000e+00
4.540000000000000000e+02 -6.728177650839695101e-02 2.224961718198473215e-02 -2.149019911050381870e-01 4.809570312500000000e-02 -1.635742187500000000e-02 1.016845703125000000e+00
4.550000000000000000e+02 -6.661562030534351475e-02 2.198315470076335834e-02 -2.194318532858015314e-01 7.592773437500000000e-02 -2.929687500000000000e-03 1.009033203125000000e+00
4.560000000000000000e+02 -6.288514556824427448e-02 2.038437981343511549e-02 -2.356860646403053372e-01 7.641601562500000000e-02 -2.880859375000000000e-02 1.019531250000000000e+00
4.570000000000000000e+02 -6.621592658351145577e-02 2.424808579114504092e-02 -2.538055133633587701e-01 4.736328125000000000e-02 -7.861328125000000000e-02 1.020507812500000000e+00
4.580000000000000000e+02 -5.502450237221373497e-02 2.318223586625954222e-02 -2.721914245676336219e-01 7.543945312500000000e-02 -5.688476562500000000e-02 1.018066406250000000e+00
4.590000000000000000e+02 -5.489127113160305327e-02 1.692036755755725250e-02 -2.640643188903816774e-01 5.737304687500000000e-02 -1.464843750000000000e-03 1.019775390625000000e+00
4.600000000000000000e+02 -6.448392045557252428e-02 1.678713631694656733e-02 -2.799188365230534381e-01 5.786132812500000000e-02 2.050781250000000000e-02 1.025390625000000000e+00
4.610000000000000000e+02 -6.062021447786259537e-02 1.425574274534351267e-02 -3.365421137825954645e-01 6.079101562500000000e-02 -7.812500000000000000e-02 1.019531250000000000e+00
4.620000000000000000e+02 -5.942113331236641149e-02 1.612098011389313107e-02 -3.136263403975572128e-01 7.031250000000000000e-02 2.294921875000000000e-02 1.016113281250000000e+00
4.630000000000000000e+02 -5.196018383816793790e-02 1.585451763267175379e-02 -3.361424200607633361e-01 5.493164062500000000e-02 4.638671875000000000e-03 1.018066406250000000e+00
4.640000000000000000e+02 -7.274425737343510889e-02 1.971822361038168270e-02 -3.225528335184733031e-01 6.787109375000000000e-02 -3.198242187500000000e-02 1.012695312500000000e+00
4.650000000000000000e+02 -6.821439519267175067e-02 1.345635530167938777e-02 -4.031577340879389237e-01 5.419921875000000000e-02 -7.592773437500000000e-02 1.007568359375000000e+00
4.660000000000000000e+02 -6.634915782412213747e-02 1.572128639206106862e-02 -3.699831551758778758e-01 7.568359375000000000e-02 2.294921875000000000e-02 1.015380859375000000e+00
4.670000000000000000e+02 -6.754823898961831441e-02 1.612098011389313107e-02 -4.082205212311450504e-01 6.835937500000000000e-02 2.709960937500000000e-02 1.020751953125000000e+00
4.680000000000000000e+02 -6.368453301190839244e-02 1.452220522656488648e-02 -3.895681475456488352e-01 5.908203125000000000e-02 -4.638671875000000000e-02 1.015625000000000000e+00
4.690000000000000000e+02 -6.328483929007633346e-02 1.372281778290076332e-02 -4.064885151032061050e-01 6.860351562500000000e-02 3.564453125000000000e-02 1.026367187500000000e+00
4.700000000000000000e+02 -5.928790207175572979e-02 1.425574274534351267e-02 -4.508545182265649154e-01 2.514648437500000000e-02 -5.468750000000000000e-02 1.054931640625000000e+00
4.710000000000000000e+02 -6.248545184641221550e-02 2.065084229465648930e-02 -4.539188367606106778e-01 4.199218750000000000e-02 -7.739257812500000000e-02 1.044189453125000000e+00
4.720000000000000000e+02 -6.568300162106870121e-02 1.025880552702290033e-02 -4.463246560458015155e-01 3.149414062500000000e-02 9.375000000000000000e-02 1.036376953125000000e+00
4.730000000000000000e+02 -1.011225116235114629e-01 9.592649323969465805e-03 -4.611133237535877671e-01 2.172851562500000000e-02 1.062011718750000000e-01 1.031982421875000000e+00
4.740000000000000000e+02 -6.221898936519083823e-02 1.398928026412213713e-02 -4.635114860845801488e-01 3.906250000000000000e-02 -5.981445312500000000e-02 1.026611328125000000e+00
4.750000000000000000e+02 -6.381776425251908802e-02 1.865237368549618399e-02 -4.457917310833587887e-01 4.272460937500000000e-02 -4.711914062500000000e-02 1.041015625000000000e+00
4.760000000000000000e+02 -6.208575812458014959e-02 1.865237368549618399e-02 -4.906906591691602704e-01 7.495117187500000000e-02 3.417968750000000000e-03 1.001953125000000000e+00
4.770000000000000000e+02 -5.915467083114503422e-02 1.332312406106870260e-02 -5.081439516891602670e-01 3.051757812500000000e-02 2.954101562500000000e-02 1.034423828125000000e+00
4.780000000000000000e+02 -5.942113331236641149e-02 1.745329252000000012e-02 -5.253307817279389003e-01 3.784179687500000000e-02 -1.135253906250000000e-01 1.011718750000000000e+00
4.790000000000000000e+02 -6.421745797435114700e-02 2.078407353526717447e-02 -5.165375198476336305e-01 9.082031250000000000e-02 -4.760742187500000000e-02 9.968261718750000000e-01
4.800000000000000000e+02 -7.007963256122137774e-02 2.611332315969465759e-02 -4.982848398839694881e-01 1.108398437500000000e-01 -2.172851562500000000e-02 9.919433593750000000e-01
4.810000000000000000e+02 -6.048698323725191367e-02 1.745329252000000012e-02 -5.165375198476336305e-01 9.082031250000000000e-02 8.789062500000000000e-03 9.960937500000000000e-01
4.820000000000000000e+02 -6.888055139572518693e-02 1.212404289557252046e-02 -5.321255749990839723e-01 5.078125000000000000e-02 6.005859375000000000e-02 1.000732421875000000e+00
4.830000000000000000e+02 -6.035375199664121809e-02 1.758652376061068529e-02 -5.478468613911450236e-01 5.541992187500000000e-02 -8.447265625000000000e-02 1.019775390625000000e+00
4.840000000000000000e+02 -5.875497710931298218e-02 2.278254214442748324e-02 -5.247978567654961735e-01 6.591796875000000000e-02 -4.711914062500000000e-02 9.931640625000000000e-01
4.850000000000000000e+02 -6.928024511755724590e-02 2.398162330992366711e-02 -4.952205213499236147e-01 8.911132812500000000e-02 5.102539062500000000e-02 1.011718750000000000e+00
4.860000000000000000e+02 -3.517304752122137057e-02 2.278254214442748324e-02 -4.896248092442748168e-01 8.496093750000000000e-02 -5.126953125000000000e-03 1.008056640625000000e+00
4.870000000000000000e+02 -5.928790207175572979e-02 6.794793271145038206e-03 -5.104088827795419947e-01 7.934570312500000000e-02 1.000976562500000000e-02 1.005859375000000000e+00
4.880000000000000000e+02 -6.554977038045801951e-02 1.252373661740457944e-02 -5.275957128183206279e-01 4.492187500000000000e-02 -4.248046875000000000e-02 1.003417968750000000e+00
4.890000000000000000e+02 -6.568300162106870121e-02 2.158346097893129936e-02 -4.920229715752671984e-01 7.617187500000000000e-02 -2.709960937500000000e-02 1.013671875000000000e+00
4.900000000000000000e+02 -7.274425737343510889e-02 2.504747323480915888e-02 -4.476569684519083880e-01 1.218261718750000000e-01 7.250976562500000000e-02 9.958496093750000000e-01
4.910000000000000000e+02 -6.528330789923664224e-02 2.424808579114504092e-02 -4.604471675505343864e-01 9.765625000000000000e-02 -1.782226562500000000e-02 1.000000000000000000e+00
4.920000000000000000e+02 -5.382542120671755109e-02 1.452220522656488648e-02 -4.596477801068702407e-01 8.862304687500000000e-02 4.248046875000000000e-02 9.904785156250000000e-01
4.930000000000000000e+02 -6.554977038045801951e-02 2.011791733221374168e-02 -4.465911185270229344e-01 6.469726562500000000e-02 2.148437500000000000e-02 1.000244140625000000e+00
4.940000000000000000e+02 -6.355130177129771074e-02 1.039203676763358723e-02 -4.046232777346565057e-01 7.812500000000000000e-02 8.813476562500000000e-02 1.016845703125000000e+00
4.950000000000000000e+02 -6.421745797435114700e-02 2.411485455053435228e-02 -3.807748856653435099e-01 1.635742187500000000e-02 4.833984375000000000e-02 1.030029296875000000e+00
4.960000000000000000e+02 -5.942113331236641149e-02 1.598774887328244243e-02 -3.213537523529770845e-01 6.982421875000000000e-02 3.295898437500000000e-02 9.985351562500000000e-01
4.970000000000000000e+02 -6.341807053068701516e-02 1.305666157984732879e-02 -3.506646252873282799e-01 3.002929687500000000e-02 -8.789062500000000000e-03 1.040283203125000000e+00
4.980000000000000000e+02 -5.795558966564885034e-02 1.825267996366412501e-02 -3.214869835935877385e-01 3.759765625000000000e-02 1.855468750000000000e-02 1.026855468750000000e+00
4.990000000000000000e+02 -5.755589594381679830e-02 1.758652376061068529e-02 -2.965727415993893445e-01 7.983398437500000000e-02 2.612304687500000000e-02 1.014892578125000000e+00
5.000000000000000000e+02 -5.342572748488549905e-02 2.025114857282442685e-02 -2.443460952800000086e-01 2.148437500000000000e-02 8.300781250000000000e-03 1.057617187500000000e+00
5.010000000000000000e+02 -6.661562030534351475e-02 2.011791733221374168e-02 -2.418147017083969452e-01 4.882812500000000000e-02 1.831054687500000000e-02 1.000732421875000000e+00
5.020000000000000000e+02 -1.023215927890076399e-01 1.985145485099236787e-02 -2.081071978338931427e-01 4.101562500000000000e-02 4.101562500000000000e-02 1.031005859375000000e+00
5.030000000000000000e+02 -6.581623286167938292e-02 1.865237368549618399e-02 -1.815941809523664019e-01 3.784179687500000000e-02 2.856445312500000000e-02 1.035156250000000000e+00
5.040000000000000000e+02 -6.408422673374045142e-02 2.038437981343511549e-02 -1.534823891835114529e-01 5.615234375000000000e-02 3.100585937500000000e-02 1.000732421875000000e+00
5.050000000000000000e+02 -6.288514556824427448e-02 2.251607966320610943e-02 -1.344303217761831926e-01 5.517578125000000000e-02 7.275390625000000000e-02 1.010742187500000000e+00
5.060000000000000000e+02 -6.541653913984733781e-02 2.424808579114504092e-02 -5.582388981587786680e-02 5.957031250000000000e-02 5.078125000000000000e-02 1.027099609375000000e+00
5.070000000000000000e+02 -6.608269534290076019e-02 2.478101075358778507e-02 -3.104287906229007479e-02 5.883789062500000000e-02 3.784179687500000000e-02 1.027099609375000000e+00
5.080000000000000000e+02 -6.728177650839695101e-02 2.598009191908396895e-02 -1.438897398595419957e-02 5.932617187500000000e-02 1.879882812500000000e-02 1.020996093750000000e+00
5.090000000000000000e+02 -6.461715169618320598e-02 2.051761105404580066e-02 5.862174586870229007e-03 7.226562500000000000e-02 2.441406250000000000e-03 1.021728515625000000e+00
5.100000000000000000e+02 -6.488361417740458326e-02 2.091730477587786310e-02 3.903675349893129948e-02 7.226562500000000000e-02 2.514648437500000000e-02 1.003662109375000000e+00
5.110000000000000000e+02 -7.034609504244274114e-02 2.677947936274809038e-02 9.472741207419847764e-02 7.739257812500000000e-02 7.446289062500000000e-02 1.017089843750000000e+00
5.120000000000000000e+02 -9.939050549557253145e-02 2.025114857282442685e-02 1.382940277538931284e-01 5.566406250000000000e-02 8.007812500000000000e-02 1.017578125000000000e+00
5.130000000000000000e+02 -7.527565094503817222e-02 2.691271060335877555e-02 2.231623280229007578e-01 6.250000000000000000e-02 1.135253906250000000e-01 1.005615234375000000e+00
5.140000000000000000e+02 -7.780704451664122168e-02 2.624655440030534276e-02 2.841822362225954191e-01 5.883789062500000000e-02 7.470703125000000000e-02 1.017822265625000000e+00
5.150000000000000000e+02 -6.821439519267175067e-02 2.171669221954198453e-02 3.177565088564885398e-01 3.344726562500000000e-02 4.418945312500000000e-02 1.046875000000000000e+00
5.160000000000000000e+02 -7.154517620793893196e-02 3.264165394961832112e-02 3.254839208119084115e-01 4.467773437500000000e-02 2.368164062500000000e-02 1.024414062500000000e+00
5.170000000000000000e+02 -6.168606440274809061e-02 3.104287906229007479e-02 3.920995411172518708e-01 9.936523437500000000e-02 1.049804687500000000e-01 9.919433593750000000e-01
